	76
Tcells-Day0_CD4_CentralMemory_rep1-GSM5171828-GSE168880_R1	7758059.0
	20	21	22	23	24	25	26	27	28	29	30	31	32	33	34	35	36	37	38	39	40	41	42	43	44	45	46	47	48	49	50	51	52	53	54	55	56	57	58	59	60	61
Tcells-Day0_CD4_CentralMemory_rep1-GSM5171828-GSE168880_R1_val_1	50510.0	71750.0	70467.0	64458.0	62893.0	63124.0	62521.0	65167.0	74339.0	82611.0	83812.0	77736.0	69076.0	61864.0	59594.0	59783.0	60310.0	59515.0	61702.0	64910.0	64965.0	63044.0	58564.0	53763.0	50692.0	49690.0	50460.0	51191.0	53393.0	55109.0	55079.0	54219.0	50315.0	47525.0	46686.0	48591.0	58988.0	92784.0	214085.0	533919.0	1618507.0	2929138.0
	76
Tcells-Day0_CD4_CentralMemory_rep1-GSM5171828-GSE168880_R2	7758059.0
	20	21	22	23	24	25	26	27	28	29	30	31	32	33	34	35	36	37	38	39	40	41	42	43	44	45	46	47	48	49	50	51	52	53	54	55	56	57	58	59	60	61
Tcells-Day0_CD4_CentralMemory_rep1-GSM5171828-GSE168880_R2_val_2	50570.0	71630.0	70280.0	64353.0	62968.0	63118.0	62466.0	65160.0	74322.0	82512.0	83735.0	77633.0	68888.0	61821.0	59598.0	59688.0	60089.0	59306.0	61514.0	64633.0	64858.0	62854.0	58313.0	53626.0	50363.0	49589.0	50358.0	51082.0	53221.0	54986.0	55064.0	54130.0	50319.0	47766.0	47311.0	49579.0	61144.0	94969.0	219355.0	555690.0	1650222.0	2867766.0
	76
Tcells-Day0_CD4_CentralMemory_rep2-GSM5171829-GSE168880_R1	7599922.0
	20	21	22	23	24	25	26	27	28	29	30	31	32	33	34	35	36	37	38	39	40	41	42	43	44	45	46	47	48	49	50	51	52	53	54	55	56	57	58	59	60	61
Tcells-Day0_CD4_CentralMemory_rep2-GSM5171829-GSE168880_R1_val_1	47794.0	67136.0	66256.0	61095.0	59741.0	60215.0	59266.0	62243.0	70108.0	77739.0	80121.0	74659.0	66034.0	59595.0	56803.0	56875.0	56951.0	56973.0	59893.0	62452.0	62506.0	61068.0	56369.0	51586.0	49457.0	47842.0	48213.0	49831.0	51020.0	53362.0	54109.0	52737.0	49023.0	46410.0	45666.0	47860.0	57802.0	91218.0	211046.0	528679.0	1590439.0	2909405.0
	76
Tcells-Day0_CD4_CentralMemory_rep2-GSM5171829-GSE168880_R2	7599922.0
	20	21	22	23	24	25	26	27	28	29	30	31	32	33	34	35	36	37	38	39	40	41	42	43	44	45	46	47	48	49	50	51	52	53	54	55	56	57	58	59	60	61
Tcells-Day0_CD4_CentralMemory_rep2-GSM5171829-GSE168880_R2_val_2	47807.0	66979.0	66056.0	60958.0	59772.0	60268.0	59401.0	62180.0	70059.0	77600.0	80011.0	74660.0	66102.0	59557.0	56831.0	56850.0	56889.0	56899.0	59651.0	62475.0	62388.0	60774.0	56143.0	51404.0	49170.0	47816.0	48011.0	49736.0	51017.0	53405.0	54270.0	52860.0	49536.0	47054.0	46359.0	48837.0	59251.0	93447.0	215704.0	550240.0	1624235.0	2844935.0
	76
Tcells-Day0_CD4_Naive_rep1-GSM5171830-GSE168880_R1	8381745.0
	20	21	22	23	24	25	26	27	28	29	30	31	32	33	34	35	36	37	38	39	40	41	42	43	44	45	46	47	48	49	50	51	52	53	54	55	56	57	58	59	60	61
Tcells-Day0_CD4_Naive_rep1-GSM5171830-GSE168880_R1_val_1	48708.0	68629.0	67304.0	61898.0	61778.0	62479.0	63288.0	66578.0	74748.0	82908.0	83737.0	78417.0	69454.0	62475.0	59787.0	59848.0	61134.0	61308.0	63711.0	67029.0	67195.0	65144.0	59742.0	54892.0	51832.0	50869.0	51797.0	53356.0	55060.0	58422.0	58314.0	56403.0	52943.0	49303.0	48870.0	50759.0	62050.0	99120.0	233169.0	588296.0	1756248.0	3302834.0
	76
Tcells-Day0_CD4_Naive_rep1-GSM5171830-GSE168880_R2	8381745.0
	20	21	22	23	24	25	26	27	28	29	30	31	32	33	34	35	36	37	38	39	40	41	42	43	44	45	46	47	48	49	50	51	52	53	54	55	56	57	58	59	60	61
Tcells-Day0_CD4_Naive_rep1-GSM5171830-GSE168880_R2_val_2	48750.0	68524.0	67200.0	61879.0	61758.0	62433.0	63229.0	66530.0	74569.0	82748.0	83528.0	78273.0	69479.0	62244.0	59867.0	59937.0	61020.0	61268.0	63635.0	66911.0	66919.0	64924.0	59457.0	54730.0	51623.0	50748.0	51635.0	53374.0	55030.0	58454.0	58292.0	56647.0	53130.0	50012.0	49684.0	51950.0	64033.0	102832.0	238513.0	616259.0	1793976.0	3225832.0
	76
Tcells-Day0_CD4_Naive_rep2-GSM5171831-GSE168880_R1	8253274.0
	20	21	22	23	24	25	26	27	28	29	30	31	32	33	34	35	36	37	38	39	40	41	42	43	44	45	46	47	48	49	50	51	52	53	54	55	56	57	58	59	60	61
Tcells-Day0_CD4_Naive_rep2-GSM5171831-GSE168880_R1_val_1	46517.0	64933.0	63228.0	58177.0	57648.0	58911.0	59055.0	62656.0	70864.0	78564.0	80627.0	75100.0	66608.0	59879.0	57181.0	58368.0	58632.0	59694.0	62059.0	65371.0	65487.0	63055.0	57071.0	52609.0	50237.0	48859.0	50720.0	52177.0	53752.0	56994.0	56251.0	55450.0	51696.0	48023.0	47545.0	49254.0	60818.0	97860.0	230832.0	585665.0	1751401.0	3278953.0
	76
Tcells-Day0_CD4_Naive_rep2-GSM5171831-GSE168880_R2	8253274.0
	20	21	22	23	24	25	26	27	28	29	30	31	32	33	34	35	36	37	38	39	40	41	42	43	44	45	46	47	48	49	50	51	52	53	54	55	56	57	58	59	60	61
Tcells-Day0_CD4_Naive_rep2-GSM5171831-GSE168880_R2_val_2	46531.0	64716.0	63193.0	58032.0	57830.0	58822.0	59137.0	62663.0	70924.0	78605.0	80509.0	75005.0	66476.0	59779.0	57132.0	58209.0	58592.0	59543.0	61947.0	65184.0	65301.0	62816.0	56798.0	52265.0	50066.0	48868.0	50608.0	51999.0	53748.0	56943.0	56340.0	55592.0	52019.0	48656.0	48277.0	50509.0	63199.0	100945.0	235936.0	608777.0	1789794.0	3206496.0
	76
Tcells-Day0_CD8_CentralMemory_rep1-GSM5171832-GSE168880_R1	5978894.0
	20	21	22	23	24	25	26	27	28	29	30	31	32	33	34	35	36	37	38	39	40	41	42	43	44	45	46	47	48	49	50	51	52	53	54	55	56	57	58	59	60	61
Tcells-Day0_CD8_CentralMemory_rep1-GSM5171832-GSE168880_R1_val_1	37354.0	53117.0	52545.0	48154.0	46354.0	45977.0	45075.0	47242.0	53147.0	60057.0	62232.0	58822.0	52335.0	47299.0	44993.0	44666.0	44202.0	43940.0	45519.0	48393.0	49039.0	47619.0	44374.0	41324.0	39374.0	38127.0	38206.0	38682.0	39660.0	41804.0	41739.0	41278.0	39229.0	36877.0	36251.0	38099.0	45801.0	72293.0	169009.0	421999.0	1286121.0	2260420.0
	76
Tcells-Day0_CD8_CentralMemory_rep1-GSM5171832-GSE168880_R2	5978894.0
	20	21	22	23	24	25	26	27	28	29	30	31	32	33	34	35	36	37	38	39	40	41	42	43	44	45	46	47	48	49	50	51	52	53	54	55	56	57	58	59	60	61
Tcells-Day0_CD8_CentralMemory_rep1-GSM5171832-GSE168880_R2_val_2	37325.0	52915.0	52339.0	48072.0	46391.0	46005.0	45011.0	47222.0	53214.0	60002.0	62077.0	58698.0	52203.0	47278.0	44944.0	44600.0	43971.0	43902.0	45421.0	48204.0	48932.0	47501.0	44139.0	41029.0	39207.0	37921.0	38218.0	38572.0	39740.0	41706.0	41806.0	41317.0	39350.0	37183.0	36686.0	38826.0	46908.0	73313.0	170988.0	439555.0	1309194.0	2216863.0
	76
Tcells-Day0_CD8_CentralMemory_rep2-GSM5171833-GSE168880_R1	5673892.0
	20	21	22	23	24	25	26	27	28	29	30	31	32	33	34	35	36	37	38	39	40	41	42	43	44	45	46	47	48	49	50	51	52	53	54	55	56	57	58	59	60	61
Tcells-Day0_CD8_CentralMemory_rep2-GSM5171833-GSE168880_R1_val_1	32494.0	46087.0	45557.0	41905.0	40910.0	40633.0	39771.0	41848.0	48304.0	54518.0	56130.0	53053.0	47803.0	43797.0	41657.0	41573.0	41716.0	40902.0	42715.0	45338.0	45980.0	44932.0	41838.0	39249.0	36898.0	36121.0	36118.0	36513.0	37477.0	39310.0	39859.0	39322.0	37381.0	35354.0	34388.0	36207.0	43039.0	68852.0	162262.0	404179.0	1236450.0	2175111.0
	76
Tcells-Day0_CD8_CentralMemory_rep2-GSM5171833-GSE168880_R2	5673892.0
	20	21	22	23	24	25	26	27	28	29	30	31	32	33	34	35	36	37	38	39	40	41	42	43	44	45	46	47	48	49	50	51	52	53	54	55	56	57	58	59	60	61
Tcells-Day0_CD8_CentralMemory_rep2-GSM5171833-GSE168880_R2_val_2	32427.0	45988.0	45451.0	41762.0	40965.0	40725.0	39610.0	41738.0	48289.0	54421.0	56003.0	52921.0	47705.0	43654.0	41494.0	41449.0	41689.0	40835.0	42624.0	45233.0	45906.0	44742.0	41739.0	39097.0	36705.0	36067.0	36106.0	36442.0	37463.0	39349.0	39797.0	39338.0	37657.0	35591.0	34763.0	37013.0	44502.0	70014.0	165164.0	429185.0	1264279.0	2117649.0
	76
Tcells-Day0_CD8_Naive_rep1-GSM5171834-GSE168880_R1	7542480.0
	20	21	22	23	24	25	26	27	28	29	30	31	32	33	34	35	36	37	38	39	40	41	42	43	44	45	46	47	48	49	50	51	52	53	54	55	56	57	58	59	60	61
Tcells-Day0_CD8_Naive_rep1-GSM5171834-GSE168880_R1_val_1	44615.0	63662.0	63076.0	57574.0	56655.0	56898.0	56847.0	58927.0	67754.0	74703.0	76567.0	71650.0	62996.0	56911.0	54605.0	54160.0	54763.0	54911.0	57431.0	60646.0	60766.0	58522.0	54258.0	49748.0	47045.0	46268.0	46758.0	47696.0	49296.0	51983.0	52479.0	51019.0	47946.0	44973.0	44268.0	46154.0	56136.0	90751.0	212420.0	532486.0	1602697.0	2931121.0
	76
Tcells-Day0_CD8_Naive_rep1-GSM5171834-GSE168880_R2	7542480.0
	20	21	22	23	24	25	26	27	28	29	30	31	32	33	34	35	36	37	38	39	40	41	42	43	44	45	46	47	48	49	50	51	52	53	54	55	56	57	58	59	60	61
Tcells-Day0_CD8_Naive_rep1-GSM5171834-GSE168880_R2_val_2	44796.0	63626.0	62932.0	57477.0	56663.0	56939.0	56778.0	58881.0	67686.0	74534.0	76566.0	71581.0	62885.0	56878.0	54626.0	53992.0	54633.0	54779.0	57328.0	60472.0	60640.0	58373.0	54107.0	49432.0	46912.0	46155.0	46733.0	47780.0	49208.0	51930.0	52490.0	51066.0	48254.0	45262.0	44804.0	47034.0	57999.0	91717.0	215365.0	558055.0	1638181.0	2864592.0
	76
Tcells-Day0_CD8_Naive_rep2-GSM5171835-GSE168880_R1	7229322.0
	20	21	22	23	24	25	26	27	28	29	30	31	32	33	34	35	36	37	38	39	40	41	42	43	44	45	46	47	48	49	50	51	52	53	54	55	56	57	58	59	60	61
Tcells-Day0_CD8_Naive_rep2-GSM5171835-GSE168880_R1_val_1	44430.0	62869.0	61358.0	56042.0	55783.0	56040.0	55666.0	57854.0	65854.0	73015.0	75125.0	70177.0	61820.0	55574.0	52957.0	53254.0	53283.0	53068.0	56016.0	59167.0	59600.0	57568.0	52943.0	48458.0	45753.0	44916.0	45828.0	46907.0	48453.0	50633.0	50785.0	50059.0	46524.0	43766.0	43278.0	45411.0	54261.0	86551.0	202672.0	507196.0	1529825.0	2779084.0
	76
Tcells-Day0_CD8_Naive_rep2-GSM5171835-GSE168880_R2	7229322.0
	20	21	22	23	24	25	26	27	28	29	30	31	32	33	34	35	36	37	38	39	40	41	42	43	44	45	46	47	48	49	50	51	52	53	54	55	56	57	58	59	60	61
Tcells-Day0_CD8_Naive_rep2-GSM5171835-GSE168880_R2_val_2	44520.0	62756.0	61289.0	55875.0	55768.0	56105.0	55658.0	57851.0	65771.0	72881.0	75034.0	70032.0	61656.0	55468.0	52840.0	53196.0	52996.0	52925.0	55831.0	59037.0	59463.0	57420.0	52744.0	48445.0	45479.0	44754.0	45712.0	46801.0	48322.0	50542.0	50967.0	50242.0	46830.0	44299.0	43941.0	46149.0	55962.0	88658.0	206079.0	531172.0	1561802.0	2716551.0
	76
Tcells-Day14_CD4_CentralMemory_CD19_rep1-GSM5171852-GSE168880_R1	12189109.0
	20	21	22	23	24	25	26	27	28	29	30	31	32	33	34	35	36	37	38	39	40	41	42	43	44	45	46	47	48	49	50	51	52	53	54	55	56	57	58	59	60	61
Tcells-Day14_CD4_CentralMemory_CD19_rep1-GSM5171852-GSE168880_R1_val_1	42692.0	71141.0	81750.0	88663.0	95208.0	96734.0	94028.0	94236.0	102501.0	112039.0	117048.0	116058.0	110367.0	107903.0	102998.0	103308.0	102354.0	96526.0	99473.0	101626.0	100632.0	101666.0	97284.0	94025.0	91815.0	87918.0	87377.0	86803.0	84862.0	87266.0	85511.0	87769.0	84730.0	83033.0	81936.0	83027.0	94890.0	140506.0	297015.0	806163.0	2267336.0	5065271.0
	76
Tcells-Day14_CD4_CentralMemory_CD19_rep1-GSM5171852-GSE168880_R2	12189109.0
	20	21	22	23	24	25	26	27	28	29	30	31	32	33	34	35	36	37	38	39	40	41	42	43	44	45	46	47	48	49	50	51	52	53	54	55	56	57	58	59	60	61
Tcells-Day14_CD4_CentralMemory_CD19_rep1-GSM5171852-GSE168880_R2_val_2	42922.0	71441.0	81709.0	88770.0	95221.0	97017.0	94071.0	94274.0	102488.0	111843.0	116631.0	115862.0	110341.0	107632.0	102870.0	103206.0	102196.0	96395.0	99235.0	101468.0	100281.0	101255.0	96943.0	93684.0	91619.0	87742.0	87263.0	86631.0	84750.0	87303.0	85669.0	88090.0	85258.0	83716.0	83329.0	85017.0	98436.0	146440.0	309495.0	842262.0	2325303.0	4947410.0
	76
Tcells-Day14_CD4_CentralMemory_CD19_rep2-GSM5171853-GSE168880_R1	9852832.0
	20	21	22	23	24	25	26	27	28	29	30	31	32	33	34	35	36	37	38	39	40	41	42	43	44	45	46	47	48	49	50	51	52	53	54	55	56	57	58	59	60	61
Tcells-Day14_CD4_CentralMemory_CD19_rep2-GSM5171853-GSE168880_R1_val_1	36358.0	59732.0	68162.0	73751.0	78868.0	80399.0	77632.0	78333.0	85007.0	92650.0	96036.0	95411.0	90515.0	87378.0	84233.0	83279.0	83291.0	78346.0	79406.0	82040.0	81240.0	81986.0	78140.0	75381.0	74302.0	70967.0	69634.0	69178.0	68229.0	69405.0	68328.0	70243.0	67746.0	66499.0	65311.0	66427.0	75397.0	112462.0	238985.0	650207.0	1831639.0	4079891.0
	76
Tcells-Day14_CD4_CentralMemory_CD19_rep2-GSM5171853-GSE168880_R2	9852832.0
	20	21	22	23	24	25	26	27	28	29	30	31	32	33	34	35	36	37	38	39	40	41	42	43	44	45	46	47	48	49	50	51	52	53	54	55	56	57	58	59	60	61
Tcells-Day14_CD4_CentralMemory_CD19_rep2-GSM5171853-GSE168880_R2_val_2	36622.0	59942.0	68158.0	73816.0	78820.0	80665.0	77853.0	78366.0	84814.0	92478.0	95762.0	95297.0	90461.0	87261.0	84143.0	83200.0	83228.0	78201.0	79204.0	81984.0	81052.0	81709.0	77873.0	75077.0	74172.0	70877.0	69590.0	69090.0	68116.0	69463.0	68510.0	70554.0	68406.0	67151.0	66570.0	67836.0	78443.0	117136.0	249393.0	679246.0	1880215.0	3981670.0
	76
Tcells-Day14_CD4_CentralMemory_HA_rep1-GSM5171854-GSE168880_R1	6889930.0
	20	21	22	23	24	25	26	27	28	29	30	31	32	33	34	35	36	37	38	39	40	41	42	43	44	45	46	47	48	49	50	51	52	53	54	55	56	57	58	59	60	61
Tcells-Day14_CD4_CentralMemory_HA_rep1-GSM5171854-GSE168880_R1_val_1	24714.0	37397.0	39381.0	39342.0	41079.0	42866.0	43456.0	45048.0	50472.0	55727.0	57413.0	53368.0	48992.0	45279.0	44199.0	46399.0	46950.0	46327.0	48745.0	51095.0	50614.0	48683.0	44705.0	41747.0	40585.0	40122.0	41567.0	43070.0	43826.0	46079.0	45772.0	44565.0	42038.0	39530.0	39215.0	41189.0	50863.0	83540.0	195880.0	506985.0	1494104.0	2870758.0
	76
Tcells-Day14_CD4_CentralMemory_HA_rep1-GSM5171854-GSE168880_R2	6889930.0
	20	21	22	23	24	25	26	27	28	29	30	31	32	33	34	35	36	37	38	39	40	41	42	43	44	45	46	47	48	49	50	51	52	53	54	55	56	57	58	59	60	61
Tcells-Day14_CD4_CentralMemory_HA_rep1-GSM5171854-GSE168880_R2_val_2	24958.0	37600.0	39491.0	39418.0	41081.0	42994.0	43453.0	45089.0	50421.0	55650.0	57221.0	53341.0	48903.0	45295.0	44177.0	46259.0	46865.0	46200.0	48710.0	51055.0	50615.0	48659.0	44541.0	41462.0	40428.0	40031.0	41531.0	43048.0	43882.0	46066.0	45925.0	44840.0	42248.0	40041.0	40074.0	42593.0	53089.0	87443.0	202643.0	529781.0	1524634.0	2801931.0
	76
Tcells-Day14_CD4_CentralMemory_HA_rep2-GSM5171855-GSE168880_R1	8621530.0
	20	21	22	23	24	25	26	27	28	29	30	31	32	33	34	35	36	37	38	39	40	41	42	43	44	45	46	47	48	49	50	51	52	53	54	55	56	57	58	59	60	61
Tcells-Day14_CD4_CentralMemory_HA_rep2-GSM5171855-GSE168880_R1_val_1	32516.0	48815.0	52009.0	51047.0	53826.0	56781.0	57185.0	58928.0	67090.0	73326.0	74453.0	70517.0	63153.0	57940.0	56447.0	59068.0	60308.0	59813.0	62681.0	65833.0	64702.0	62455.0	56949.0	53043.0	51164.0	51231.0	52800.0	54560.0	55818.0	58163.0	57907.0	56565.0	52990.0	49879.0	48734.0	51385.0	63972.0	103547.0	243552.0	631113.0	1863086.0	3548619.0
	76
Tcells-Day14_CD4_CentralMemory_HA_rep2-GSM5171855-GSE168880_R2	8621530.0
	20	21	22	23	24	25	26	27	28	29	30	31	32	33	34	35	36	37	38	39	40	41	42	43	44	45	46	47	48	49	50	51	52	53	54	55	56	57	58	59	60	61
Tcells-Day14_CD4_CentralMemory_HA_rep2-GSM5171855-GSE168880_R2_val_2	32923.0	49041.0	52072.0	51169.0	53855.0	56945.0	57157.0	59022.0	66992.0	73305.0	74371.0	70474.0	63084.0	57936.0	56404.0	59042.0	60091.0	59704.0	62454.0	65796.0	64535.0	62235.0	56738.0	52859.0	50961.0	50996.0	52757.0	54535.0	55970.0	58294.0	57986.0	56801.0	53373.0	50493.0	49802.0	52724.0	66460.0	108985.0	253379.0	657713.0	1895047.0	3469490.0
	76
Tcells-Day14_CD4_Naive_CD19_rep1-GSM5171856-GSE168880_R1	8567932.0
	20	21	22	23	24	25	26	27	28	29	30	31	32	33	34	35	36	37	38	39	40	41	42	43	44	45	46	47	48	49	50	51	52	53	54	55	56	57	58	59	60	61
Tcells-Day14_CD4_Naive_CD19_rep1-GSM5171856-GSE168880_R1_val_1	30203.0	48082.0	52139.0	53661.0	56587.0	57454.0	56965.0	59206.0	66679.0	73560.0	75986.0	73678.0	68488.0	64466.0	62290.0	64035.0	62632.0	61044.0	63291.0	65776.0	66417.0	64781.0	60545.0	57482.0	56121.0	55349.0	55889.0	56095.0	56812.0	58896.0	58852.0	58596.0	55468.0	53443.0	52444.0	54734.0	64996.0	102228.0	231567.0	611152.0	1789342.0	3509904.0
	76
Tcells-Day14_CD4_Naive_CD19_rep1-GSM5171856-GSE168880_R2	8567932.0
	20	21	22	23	24	25	26	27	28	29	30	31	32	33	34	35	36	37	38	39	40	41	42	43	44	45	46	47	48	49	50	51	52	53	54	55	56	57	58	59	60	61
Tcells-Day14_CD4_Naive_CD19_rep1-GSM5171856-GSE168880_R2_val_2	30465.0	48298.0	52273.0	53722.0	56613.0	57813.0	57148.0	59491.0	66844.0	73582.0	75812.0	73523.0	68340.0	64459.0	62273.0	63944.0	62712.0	61004.0	63238.0	65618.0	66179.0	64783.0	60381.0	57353.0	55919.0	55238.0	56028.0	56163.0	56776.0	58905.0	58962.0	58785.0	55919.0	53786.0	53243.0	55767.0	67097.0	106229.0	238670.0	634317.0	1822613.0	3437050.0
	76
Tcells-Day14_CD4_Naive_CD19_rep2-GSM5171857-GSE168880_R1	9872223.0
	20	21	22	23	24	25	26	27	28	29	30	31	32	33	34	35	36	37	38	39	40	41	42	43	44	45	46	47	48	49	50	51	52	53	54	55	56	57	58	59	60	61
Tcells-Day14_CD4_Naive_CD19_rep2-GSM5171857-GSE168880_R1_val_1	36081.0	57026.0	61407.0	62531.0	65374.0	66477.0	66197.0	68962.0	78165.0	86389.0	89155.0	86104.0	79674.0	75214.0	72844.0	74905.0	74646.0	72970.0	75379.0	78686.0	78450.0	77275.0	72301.0	68694.0	67132.0	65651.0	66538.0	67465.0	67934.0	69894.0	69998.0	69437.0	66372.0	63250.0	62604.0	65045.0	76736.0	119991.0	267075.0	698967.0	2045248.0	3998546.0
	76
Tcells-Day14_CD4_Naive_CD19_rep2-GSM5171857-GSE168880_R2	9872223.0
	20	21	22	23	24	25	26	27	28	29	30	31	32	33	34	35	36	37	38	39	40	41	42	43	44	45	46	47	48	49	50	51	52	53	54	55	56	57	58	59	60	61
Tcells-Day14_CD4_Naive_CD19_rep2-GSM5171857-GSE168880_R2_val_2	36474.0	57239.0	61533.0	62720.0	65369.0	66729.0	66363.0	69230.0	78138.0	86364.0	89033.0	86077.0	79487.0	75125.0	72816.0	74861.0	74589.0	72671.0	75112.0	78622.0	78249.0	76980.0	72132.0	68495.0	66941.0	65606.0	66583.0	67284.0	67975.0	69888.0	70182.0	69675.0	66888.0	64190.0	63690.0	66731.0	80020.0	124631.0	277207.0	729919.0	2087132.0	3903839.0
	76
Tcells-Day14_CD4_Naive_HA_rep1-GSM5171858-GSE168880_R1	8458693.0
	20	21	22	23	24	25	26	27	28	29	30	31	32	33	34	35	36	37	38	39	40	41	42	43	44	45	46	47	48	49	50	51	52	53	54	55	56	57	58	59	60	61
Tcells-Day14_CD4_Naive_HA_rep1-GSM5171858-GSE168880_R1_val_1	32632.0	50615.0	54388.0	55231.0	60624.0	61646.0	60480.0	62902.0	69628.0	76213.0	76917.0	72863.0	66221.0	61398.0	60805.0	62845.0	63307.0	62413.0	64290.0	66963.0	65967.0	63687.0	58617.0	54636.0	53087.0	52450.0	54066.0	54807.0	56016.0	58483.0	57100.0	56634.0	53108.0	50087.0	49289.0	51794.0	62803.0	101549.0	232561.0	605520.0	1744539.0	3467914.0
	76
Tcells-Day14_CD4_Naive_HA_rep1-GSM5171858-GSE168880_R2	8458693.0
	20	21	22	23	24	25	26	27	28	29	30	31	32	33	34	35	36	37	38	39	40	41	42	43	44	45	46	47	48	49	50	51	52	53	54	55	56	57	58	59	60	61
Tcells-Day14_CD4_Naive_HA_rep1-GSM5171858-GSE168880_R2_val_2	32744.0	50672.0	54512.0	55255.0	60648.0	61807.0	60487.0	63003.0	69551.0	76035.0	76850.0	72702.0	66139.0	61318.0	60741.0	62750.0	63264.0	62161.0	64103.0	66826.0	65856.0	63372.0	58438.0	54491.0	52867.0	52310.0	53841.0	54720.0	55971.0	58444.0	57041.0	56820.0	53363.0	50910.0	49911.0	52924.0	65405.0	106418.0	240899.0	629334.0	1783175.0	3389017.0
	76
Tcells-Day14_CD4_Naive_HA_rep2-GSM5171859-GSE168880_R1	8328146.0
	20	21	22	23	24	25	26	27	28	29	30	31	32	33	34	35	36	37	38	39	40	41	42	43	44	45	46	47	48	49	50	51	52	53	54	55	56	57	58	59	60	61
Tcells-Day14_CD4_Naive_HA_rep2-GSM5171859-GSE168880_R1_val_1	30820.0	47555.0	51184.0	52387.0	56735.0	58088.0	57639.0	58739.0	65229.0	70962.0	72319.0	68095.0	61777.0	57612.0	56090.0	59081.0	59119.0	58482.0	60368.0	62563.0	61919.0	59468.0	54776.0	51189.0	49633.0	49805.0	50182.0	51813.0	52516.0	54970.0	54061.0	53483.0	50228.0	47644.0	46361.0	49425.0	60171.0	97816.0	228770.0	601543.0	1744016.0	3486424.0
	76
Tcells-Day14_CD4_Naive_HA_rep2-GSM5171859-GSE168880_R2	8328146.0
	20	21	22	23	24	25	26	27	28	29	30	31	32	33	34	35	36	37	38	39	40	41	42	43	44	45	46	47	48	49	50	51	52	53	54	55	56	57	58	59	60	61
Tcells-Day14_CD4_Naive_HA_rep2-GSM5171859-GSE168880_R2_val_2	31033.0	47642.0	51223.0	52394.0	56613.0	58199.0	57580.0	58874.0	65171.0	70829.0	72153.0	68083.0	61663.0	57612.0	56246.0	58994.0	59044.0	58352.0	60293.0	62496.0	61837.0	59212.0	54633.0	50957.0	49580.0	49782.0	50132.0	51709.0	52479.0	55044.0	54117.0	53695.0	50521.0	48277.0	47311.0	50798.0	62832.0	102945.0	237836.0	626376.0	1783515.0	3402975.0
	76
Tcells-Day14_CD8_CentralMemory_CD19_rep1-GSM5171860-GSE168880_R1	10342948.0
	20	21	22	23	24	25	26	27	28	29	30	31	32	33	34	35	36	37	38	39	40	41	42	43	44	45	46	47	48	49	50	51	52	53	54	55	56	57	58	59	60	61
Tcells-Day14_CD8_CentralMemory_CD19_rep1-GSM5171860-GSE168880_R1_val_1	40844.0	60638.0	64767.0	67069.0	72895.0	71186.0	68503.0	71315.0	80305.0	89362.0	92463.0	89522.0	83288.0	80026.0	79025.0	80776.0	80055.0	77395.0	81114.0	84372.0	84214.0	83680.0	77739.0	73902.0	72983.0	71815.0	72323.0	72544.0	73236.0	75551.0	75908.0	76526.0	72933.0	69654.0	68378.0	70233.0	82728.0	125937.0	275359.0	720183.0	2083536.0	4209355.0
	76
Tcells-Day14_CD8_CentralMemory_CD19_rep1-GSM5171860-GSE168880_R2	10342948.0
	20	21	22	23	24	25	26	27	28	29	30	31	32	33	34	35	36	37	38	39	40	41	42	43	44	45	46	47	48	49	50	51	52	53	54	55	56	57	58	59	60	61
Tcells-Day14_CD8_CentralMemory_CD19_rep1-GSM5171860-GSE168880_R2_val_2	41186.0	60913.0	64840.0	67179.0	73031.0	71378.0	68759.0	71534.0	80279.0	89255.0	92291.0	89524.0	83122.0	80061.0	78924.0	80619.0	79981.0	77196.0	80841.0	84098.0	84015.0	83396.0	77640.0	73687.0	72600.0	71589.0	72231.0	72656.0	73254.0	75588.0	76010.0	76719.0	73274.0	70311.0	69591.0	72019.0	85853.0	132523.0	286188.0	750587.0	2129843.0	4109052.0
	76
Tcells-Day14_CD8_CentralMemory_CD19_rep2-GSM5171861-GSE168880_R1	7600305.0
	20	21	22	23	24	25	26	27	28	29	30	31	32	33	34	35	36	37	38	39	40	41	42	43	44	45	46	47	48	49	50	51	52	53	54	55	56	57	58	59	60	61
Tcells-Day14_CD8_CentralMemory_CD19_rep2-GSM5171861-GSE168880_R1_val_1	30231.0	45065.0	47720.0	48537.0	53286.0	52402.0	49813.0	52079.0	58923.0	65252.0	67830.0	66001.0	60703.0	57985.0	56974.0	59081.0	58416.0	56574.0	59223.0	61869.0	61531.0	61138.0	56816.0	54182.0	53447.0	52348.0	52996.0	53414.0	53213.0	55077.0	55611.0	55845.0	53317.0	50874.0	50266.0	51231.0	60592.0	92305.0	201286.0	526184.0	1534521.0	3102501.0
	76
Tcells-Day14_CD8_CentralMemory_CD19_rep2-GSM5171861-GSE168880_R2	7600305.0
	20	21	22	23	24	25	26	27	28	29	30	31	32	33	34	35	36	37	38	39	40	41	42	43	44	45	46	47	48	49	50	51	52	53	54	55	56	57	58	59	60	61
Tcells-Day14_CD8_CentralMemory_CD19_rep2-GSM5171861-GSE168880_R2_val_2	30397.0	45137.0	47794.0	48642.0	53222.0	52458.0	49860.0	52069.0	58876.0	65234.0	67654.0	65823.0	60661.0	57998.0	56941.0	58970.0	58455.0	56461.0	59034.0	61713.0	61348.0	60867.0	56616.0	53960.0	53192.0	52201.0	52913.0	53259.0	53124.0	55018.0	55657.0	56019.0	53662.0	51553.0	50887.0	52275.0	62446.0	96494.0	208059.0	550136.0	1569139.0	3030435.0
	76
Tcells-Day14_CD8_CentralMemory_HA_rep1-GSM5171862-GSE168880_R1	8390710.0
	20	21	22	23	24	25	26	27	28	29	30	31	32	33	34	35	36	37	38	39	40	41	42	43	44	45	46	47	48	49	50	51	52	53	54	55	56	57	58	59	60	61
Tcells-Day14_CD8_CentralMemory_HA_rep1-GSM5171862-GSE168880_R1_val_1	35270.0	49679.0	51633.0	52174.0	59158.0	57581.0	55291.0	57963.0	65821.0	72796.0	74159.0	69268.0	62799.0	59895.0	59525.0	62613.0	62283.0	61906.0	64592.0	67122.0	66361.0	64360.0	59416.0	54795.0	53805.0	54083.0	54964.0	56497.0	57778.0	60128.0	59924.0	59222.0	54976.0	52160.0	50455.0	53802.0	64971.0	103082.0	233168.0	600034.0	1756291.0	3399954.0
	76
Tcells-Day14_CD8_CentralMemory_HA_rep1-GSM5171862-GSE168880_R2	8390710.0
	20	21	22	23	24	25	26	27	28	29	30	31	32	33	34	35	36	37	38	39	40	41	42	43	44	45	46	47	48	49	50	51	52	53	54	55	56	57	58	59	60	61
Tcells-Day14_CD8_CentralMemory_HA_rep1-GSM5171862-GSE168880_R2_val_2	35465.0	49833.0	51769.0	52289.0	59118.0	57767.0	55348.0	58103.0	65834.0	72754.0	73918.0	69082.0	62791.0	59771.0	59398.0	62376.0	62033.0	61684.0	64398.0	67119.0	66286.0	64043.0	59161.0	54746.0	53638.0	53952.0	54857.0	56384.0	57706.0	60321.0	59904.0	59380.0	55368.0	52576.0	51582.0	54891.0	67156.0	106880.0	239367.0	625385.0	1791569.0	3325752.0
	76
Tcells-Day14_CD8_CentralMemory_HA_rep2-GSM5171863-GSE168880_R1	9474049.0
	20	21	22	23	24	25	26	27	28	29	30	31	32	33	34	35	36	37	38	39	40	41	42	43	44	45	46	47	48	49	50	51	52	53	54	55	56	57	58	59	60	61
Tcells-Day14_CD8_CentralMemory_HA_rep2-GSM5171863-GSE168880_R1_val_1	41707.0	58709.0	60799.0	61870.0	69428.0	69541.0	65890.0	70021.0	79044.0	87547.0	89222.0	84020.0	75406.0	71332.0	72006.0	75594.0	75780.0	74934.0	78557.0	82370.0	81910.0	77878.0	71574.0	66508.0	64600.0	65275.0	67472.0	68668.0	70548.0	74007.0	73658.0	71775.0	67448.0	63178.0	61731.0	64514.0	77968.0	123124.0	273591.0	685162.0	1970038.0	3654888.0
	76
Tcells-Day14_CD8_CentralMemory_HA_rep2-GSM5171863-GSE168880_R2	9474049.0
	20	21	22	23	24	25	26	27	28	29	30	31	32	33	34	35	36	37	38	39	40	41	42	43	44	45	46	47	48	49	50	51	52	53	54	55	56	57	58	59	60	61
Tcells-Day14_CD8_CentralMemory_HA_rep2-GSM5171863-GSE168880_R2_val_2	41892.0	58825.0	60719.0	61853.0	69323.0	69628.0	65779.0	69940.0	79044.0	87380.0	88866.0	83768.0	75256.0	71264.0	71898.0	75393.0	75564.0	74699.0	78265.0	82084.0	81582.0	77432.0	71346.0	66105.0	64364.0	64985.0	67315.0	68506.0	70760.0	74009.0	73760.0	72228.0	67785.0	63629.0	62795.0	65997.0	80332.0	126899.0	280148.0	711370.0	2004951.0	3581554.0
	76
Tcells-Day14_CD8_Naive_CD19_rep1-GSM5171864-GSE168880_R1	7487326.0
	20	21	22	23	24	25	26	27	28	29	30	31	32	33	34	35	36	37	38	39	40	41	42	43	44	45	46	47	48	49	50	51	52	53	54	55	56	57	58	59	60	61
Tcells-Day14_CD8_Naive_CD19_rep1-GSM5171864-GSE168880_R1_val_1	25538.0	38585.0	40923.0	42105.0	45656.0	45788.0	45196.0	47921.0	54446.0	61148.0	63595.0	61142.0	56444.0	53231.0	52346.0	54241.0	54838.0	53409.0	56288.0	58645.0	59023.0	57923.0	53569.0	50412.0	49916.0	49871.0	50026.0	51126.0	52115.0	54044.0	54096.0	53894.0	50985.0	47981.0	47450.0	49624.0	59083.0	92923.0	209400.0	540785.0	1589784.0	3061489.0
	76
Tcells-Day14_CD8_Naive_CD19_rep1-GSM5171864-GSE168880_R2	7487326.0
	20	21	22	23	24	25	26	27	28	29	30	31	32	33	34	35	36	37	38	39	40	41	42	43	44	45	46	47	48	49	50	51	52	53	54	55	56	57	58	59	60	61
Tcells-Day14_CD8_Naive_CD19_rep1-GSM5171864-GSE168880_R2_val_2	25748.0	38823.0	40993.0	42198.0	45724.0	46051.0	45157.0	48029.0	54370.0	60988.0	63428.0	61054.0	56361.0	53200.0	52320.0	54145.0	54619.0	53269.0	55992.0	58549.0	58768.0	57807.0	53426.0	50298.0	49821.0	49755.0	50051.0	51110.0	52194.0	54259.0	54361.0	54208.0	51358.0	48844.0	48308.0	51022.0	61743.0	97189.0	217248.0	564860.0	1622740.0	2986616.0
	76
Tcells-Day14_CD8_Naive_CD19_rep2-GSM5171865-GSE168880_R1	8203288.0
	20	21	22	23	24	25	26	27	28	29	30	31	32	33	34	35	36	37	38	39	40	41	42	43	44	45	46	47	48	49	50	51	52	53	54	55	56	57	58	59	60	61
Tcells-Day14_CD8_Naive_CD19_rep2-GSM5171865-GSE168880_R1_val_1	31545.0	47157.0	49875.0	49903.0	52673.0	53067.0	51902.0	54043.0	61996.0	68778.0	70594.0	68178.0	62361.0	58993.0	57546.0	59871.0	58989.0	57902.0	60885.0	63331.0	63725.0	62097.0	57719.0	54362.0	53277.0	52661.0	53597.0	54440.0	55255.0	57484.0	58100.0	57421.0	54065.0	51390.0	51111.0	52915.0	63613.0	100808.0	229112.0	594056.0	1751582.0	3325609.0
	76
Tcells-Day14_CD8_Naive_CD19_rep2-GSM5171865-GSE168880_R2	8203288.0
	20	21	22	23	24	25	26	27	28	29	30	31	32	33	34	35	36	37	38	39	40	41	42	43	44	45	46	47	48	49	50	51	52	53	54	55	56	57	58	59	60	61
Tcells-Day14_CD8_Naive_CD19_rep2-GSM5171865-GSE168880_R2_val_2	31851.0	47496.0	50116.0	50026.0	52846.0	53252.0	52039.0	54247.0	61974.0	68691.0	70538.0	67972.0	62126.0	58955.0	57632.0	59755.0	58891.0	57778.0	60608.0	63211.0	63669.0	61834.0	57633.0	54196.0	53042.0	52489.0	53423.0	54327.0	55167.0	57691.0	58129.0	57497.0	54324.0	51916.0	51909.0	54198.0	65857.0	105218.0	236604.0	620690.0	1789791.0	3244380.0
	76
Tcells-Day14_CD8_Naive_HA_rep1-GSM5171866-GSE168880_R1	6904367.0
	20	21	22	23	24	25	26	27	28	29	30	31	32	33	34	35	36	37	38	39	40	41	42	43	44	45	46	47	48	49	50	51	52	53	54	55	56	57	58	59	60	61
Tcells-Day14_CD8_Naive_HA_rep1-GSM5171866-GSE168880_R1_val_1	28949.0	42147.0	43797.0	43433.0	47278.0	46804.0	45502.0	47926.0	54554.0	59909.0	61468.0	57763.0	52551.0	48946.0	48427.0	50257.0	50282.0	50066.0	52222.0	54915.0	54432.0	52231.0	48043.0	45179.0	43795.0	43580.0	44696.0	45975.0	47116.0	48936.0	49145.0	48214.0	45524.0	42775.0	41745.0	43920.0	53597.0	85781.0	197446.0	501803.0	1480784.0	2757722.0
	76
Tcells-Day14_CD8_Naive_HA_rep1-GSM5171866-GSE168880_R2	6904367.0
	20	21	22	23	24	25	26	27	28	29	30	31	32	33	34	35	36	37	38	39	40	41	42	43	44	45	46	47	48	49	50	51	52	53	54	55	56	57	58	59	60	61
Tcells-Day14_CD8_Naive_HA_rep1-GSM5171866-GSE168880_R2_val_2	29089.0	42277.0	43812.0	43572.0	47287.0	46887.0	45551.0	47927.0	54442.0	59798.0	61314.0	57602.0	52458.0	48820.0	48412.0	50259.0	50136.0	49890.0	52030.0	54803.0	54302.0	51920.0	47895.0	45081.0	43527.0	43548.0	44620.0	46012.0	47139.0	48911.0	49198.0	48343.0	45732.0	43251.0	42513.0	44989.0	55738.0	88703.0	203037.0	523427.0	1507330.0	2698053.0
	76
Tcells-Day14_CD8_Naive_HA_rep2-GSM5171867-GSE168880_R1	6261678.0
	20	21	22	23	24	25	26	27	28	29	30	31	32	33	34	35	36	37	38	39	40	41	42	43	44	45	46	47	48	49	50	51	52	53	54	55	56	57	58	59	60	61
Tcells-Day14_CD8_Naive_HA_rep2-GSM5171867-GSE168880_R1_val_1	25888.0	37352.0	38811.0	38365.0	41388.0	41414.0	39785.0	42104.0	48389.0	53575.0	54545.0	51669.0	46676.0	43347.0	43039.0	44686.0	44662.0	44517.0	46467.0	48774.0	48312.0	47106.0	43614.0	40367.0	39137.0	39424.0	40312.0	40800.0	41608.0	43674.0	44062.0	43594.0	40544.0	38151.0	37159.0	39189.0	48337.0	76997.0	179532.0	458343.0	1355507.0	2515399.0
	76
Tcells-Day14_CD8_Naive_HA_rep2-GSM5171867-GSE168880_R2	6261678.0
	20	21	22	23	24	25	26	27	28	29	30	31	32	33	34	35	36	37	38	39	40	41	42	43	44	45	46	47	48	49	50	51	52	53	54	55	56	57	58	59	60	61
Tcells-Day14_CD8_Naive_HA_rep2-GSM5171867-GSE168880_R2_val_2	25957.0	37474.0	38740.0	38417.0	41309.0	41546.0	39869.0	42045.0	48371.0	53499.0	54370.0	51574.0	46672.0	43341.0	43136.0	44668.0	44621.0	44535.0	46423.0	48675.0	48098.0	46990.0	43341.0	40173.0	38950.0	39367.0	40199.0	40705.0	41725.0	43646.0	44289.0	43655.0	40875.0	38749.0	38018.0	40372.0	50025.0	80455.0	185504.0	477898.0	1382769.0	2455576.0
	76
Tcells-Day7_CD4_CentralMemory_CD19_rep1-GSM5171836-GSE168880_R1	6275596.0
	20	21	22	23	24	25	26	27	28	29	30	31	32	33	34	35	36	37	38	39	40	41	42	43	44	45	46	47	48	49	50	51	52	53	54	55	56	57	58	59	60	61
Tcells-Day7_CD4_CentralMemory_CD19_rep1-GSM5171836-GSE168880_R1_val_1	25243.0	38059.0	39910.0	38738.0	41618.0	45210.0	46268.0	47909.0	52104.0	57322.0	58807.0	54621.0	49046.0	44458.0	43273.0	44879.0	46506.0	46991.0	48762.0	50460.0	50125.0	47855.0	43613.0	40833.0	38723.0	38047.0	38857.0	40887.0	42306.0	44507.0	43575.0	42789.0	39730.0	36930.0	37145.0	38468.0	47564.0	77036.0	178310.0	446220.0	1280321.0	2585771.0
	76
Tcells-Day7_CD4_CentralMemory_CD19_rep1-GSM5171836-GSE168880_R2	6275596.0
	20	21	22	23	24	25	26	27	28	29	30	31	32	33	34	35	36	37	38	39	40	41	42	43	44	45	46	47	48	49	50	51	52	53	54	55	56	57	58	59	60	61
Tcells-Day7_CD4_CentralMemory_CD19_rep1-GSM5171836-GSE168880_R2_val_2	25485.0	38123.0	39945.0	38784.0	41635.0	45289.0	46320.0	47869.0	52005.0	57098.0	58617.0	54478.0	48712.0	44403.0	43217.0	44864.0	46323.0	46949.0	48632.0	50392.0	50030.0	47751.0	43438.0	40721.0	38455.0	37834.0	38836.0	40961.0	42330.0	44572.0	43795.0	42969.0	40166.0	37701.0	38214.0	40003.0	50088.0	81531.0	185590.0	468627.0	1317431.0	2509613.0
	76
Tcells-Day7_CD4_CentralMemory_CD19_rep2-GSM5171837-GSE168880_R1	5575779.0
	20	21	22	23	24	25	26	27	28	29	30	31	32	33	34	35	36	37	38	39	40	41	42	43	44	45	46	47	48	49	50	51	52	53	54	55	56	57	58	59	60	61
Tcells-Day7_CD4_CentralMemory_CD19_rep2-GSM5171837-GSE168880_R1_val_1	23072.0	34817.0	36239.0	35194.0	37553.0	41081.0	42037.0	43192.0	47416.0	52283.0	53870.0	49796.0	44081.0	39831.0	39251.0	40660.0	42879.0	43219.0	44549.0	46178.0	45705.0	43788.0	39982.0	36980.0	35265.0	34986.0	35859.0	37098.0	38384.0	40286.0	39684.0	38806.0	36422.0	34178.0	33615.0	35317.0	43533.0	70212.0	159859.0	398509.0	1144595.0	2246713.0
	76
Tcells-Day7_CD4_CentralMemory_CD19_rep2-GSM5171837-GSE168880_R2	5575779.0
	20	21	22	23	24	25	26	27	28	29	30	31	32	33	34	35	36	37	38	39	40	41	42	43	44	45	46	47	48	49	50	51	52	53	54	55	56	57	58	59	60	61
Tcells-Day7_CD4_CentralMemory_CD19_rep2-GSM5171837-GSE168880_R2_val_2	23151.0	34863.0	36231.0	35169.0	37569.0	41090.0	42019.0	43083.0	47304.0	52075.0	53597.0	49656.0	43873.0	39710.0	39211.0	40590.0	42762.0	42932.0	44420.0	45996.0	45449.0	43672.0	39926.0	36855.0	35152.0	34970.0	35662.0	37031.0	38389.0	40286.0	39889.0	39027.0	36737.0	34935.0	34451.0	36558.0	46124.0	74413.0	168350.0	416843.0	1174564.0	2182390.0
	76
Tcells-Day7_CD4_CentralMemory_HA_rep1-GSM5171838-GSE168880_R1	6211469.0
	20	21	22	23	24	25	26	27	28	29	30	31	32	33	34	35	36	37	38	39	40	41	42	43	44	45	46	47	48	49	50	51	52	53	54	55	56	57	58	59	60	61
Tcells-Day7_CD4_CentralMemory_HA_rep1-GSM5171838-GSE168880_R1_val_1	24013.0	36734.0	38464.0	38154.0	41310.0	44724.0	45672.0	46532.0	48777.0	53892.0	55700.0	52081.0	46967.0	42913.0	41997.0	44291.0	46007.0	46569.0	46383.0	48031.0	47850.0	46614.0	43508.0	39693.0	38007.0	37765.0	38164.0	39943.0	40700.0	42692.0	42608.0	41889.0	39311.0	36976.0	37176.0	38289.0	47085.0	76646.0	174309.0	443817.0	1270846.0	2586968.0
	76
Tcells-Day7_CD4_CentralMemory_HA_rep1-GSM5171838-GSE168880_R2	6211469.0
	20	21	22	23	24	25	26	27	28	29	30	31	32	33	34	35	36	37	38	39	40	41	42	43	44	45	46	47	48	49	50	51	52	53	54	55	56	57	58	59	60	61
Tcells-Day7_CD4_CentralMemory_HA_rep1-GSM5171838-GSE168880_R2_val_2	24074.0	36780.0	38429.0	38140.0	41354.0	44765.0	45638.0	46434.0	48703.0	53787.0	55453.0	51938.0	46892.0	42748.0	41915.0	44183.0	45866.0	46477.0	46273.0	47853.0	47650.0	46353.0	43304.0	39583.0	37900.0	37852.0	38083.0	39885.0	40735.0	42818.0	42620.0	42060.0	39778.0	37618.0	38045.0	39975.0	49613.0	80931.0	183841.0	466326.0	1308240.0	2509155.0
	76
Tcells-Day7_CD4_CentralMemory_HA_rep2-GSM5171839-GSE168880_R1	5184370.0
	20	21	22	23	24	25	26	27	28	29	30	31	32	33	34	35	36	37	38	39	40	41	42	43	44	45	46	47	48	49	50	51	52	53	54	55	56	57	58	59	60	61
Tcells-Day7_CD4_CentralMemory_HA_rep2-GSM5171839-GSE168880_R1_val_1	19654.0	30271.0	31854.0	31758.0	34508.0	37668.0	38598.0	38577.0	41701.0	45416.0	47192.0	44218.0	39089.0	35579.0	35094.0	36711.0	38239.0	38240.0	38544.0	39741.0	39319.0	38123.0	35525.0	32624.0	31085.0	31180.0	31672.0	32813.0	33342.0	34734.0	34805.0	34924.0	32293.0	30659.0	30105.0	31678.0	39242.0	63513.0	146964.0	372131.0	1066662.0	2160399.0
	76
Tcells-Day7_CD4_CentralMemory_HA_rep2-GSM5171839-GSE168880_R2	5184370.0
	20	21	22	23	24	25	26	27	28	29	30	31	32	33	34	35	36	37	38	39	40	41	42	43	44	45	46	47	48	49	50	51	52	53	54	55	56	57	58	59	60	61
Tcells-Day7_CD4_CentralMemory_HA_rep2-GSM5171839-GSE168880_R2_val_2	19713.0	30274.0	31838.0	31750.0	34497.0	37733.0	38613.0	38521.0	41508.0	45282.0	47025.0	44195.0	38950.0	35488.0	35128.0	36756.0	38093.0	38146.0	38417.0	39698.0	39304.0	38068.0	35404.0	32482.0	30946.0	31079.0	31555.0	32820.0	33417.0	34868.0	34952.0	35194.0	32617.0	31237.0	31046.0	33093.0	41587.0	68229.0	155404.0	391949.0	1094814.0	2094754.0
	76
Tcells-Day7_CD4_Naive_CD19_rep1-GSM5171840-GSE168880_R1	6098930.0
	20	21	22	23	24	25	26	27	28	29	30	31	32	33	34	35	36	37	38	39	40	41	42	43	44	45	46	47	48	49	50	51	52	53	54	55	56	57	58	59	60	61
Tcells-Day7_CD4_Naive_CD19_rep1-GSM5171840-GSE168880_R1_val_1	24467.0	37631.0	40193.0	39076.0	42136.0	44167.0	43221.0	44125.0	49605.0	55647.0	57651.0	55205.0	49126.0	44469.0	43571.0	43717.0	44188.0	43912.0	45744.0	48052.0	48014.0	46843.0	43945.0	40851.0	38727.0	37913.0	38300.0	39319.0	40087.0	42607.0	42589.0	41196.0	39430.0	37019.0	37642.0	39509.0	48000.0	77368.0	175978.0	434136.0	1237558.0	2500136.0
	76
Tcells-Day7_CD4_Naive_CD19_rep1-GSM5171840-GSE168880_R2	6098930.0
	20	21	22	23	24	25	26	27	28	29	30	31	32	33	34	35	36	37	38	39	40	41	42	43	44	45	46	47	48	49	50	51	52	53	54	55	56	57	58	59	60	61
Tcells-Day7_CD4_Naive_CD19_rep1-GSM5171840-GSE168880_R2_val_2	24564.0	37599.0	40067.0	39006.0	42093.0	44098.0	43151.0	43985.0	49433.0	55338.0	57275.0	54997.0	48862.0	44261.0	43379.0	43549.0	44009.0	43719.0	45563.0	47905.0	47850.0	46714.0	43838.0	40748.0	38620.0	37780.0	38189.0	39335.0	40179.0	42686.0	42741.0	41440.0	39854.0	37979.0	38900.0	41034.0	50787.0	82060.0	186043.0	456967.0	1271056.0	2425417.0
	76
Tcells-Day7_CD4_Naive_CD19_rep2-GSM5171841-GSE168880_R1	6191053.0
	20	21	22	23	24	25	26	27	28	29	30	31	32	33	34	35	36	37	38	39	40	41	42	43	44	45	46	47	48	49	50	51	52	53	54	55	56	57	58	59	60	61
Tcells-Day7_CD4_Naive_CD19_rep2-GSM5171841-GSE168880_R1_val_1	25512.0	38891.0	40599.0	39271.0	41818.0	43243.0	42815.0	43597.0	49113.0	54921.0	57516.0	54403.0	48889.0	44976.0	43485.0	43893.0	43933.0	44156.0	45549.0	47977.0	48311.0	47670.0	44142.0	41206.0	39445.0	38449.0	38636.0	39827.0	40994.0	43158.0	42811.0	42054.0	39942.0	37683.0	38512.0	40138.0	48748.0	78053.0	179247.0	442203.0	1260631.0	2547217.0
	76
Tcells-Day7_CD4_Naive_CD19_rep2-GSM5171841-GSE168880_R2	6191053.0
	20	21	22	23	24	25	26	27	28	29	30	31	32	33	34	35	36	37	38	39	40	41	42	43	44	45	46	47	48	49	50	51	52	53	54	55	56	57	58	59	60	61
Tcells-Day7_CD4_Naive_CD19_rep2-GSM5171841-GSE168880_R2_val_2	25620.0	39040.0	40554.0	39355.0	41753.0	43373.0	42817.0	43561.0	48972.0	54755.0	57143.0	54214.0	48718.0	44800.0	43450.0	43785.0	43784.0	43862.0	45365.0	47932.0	48062.0	47438.0	44055.0	41050.0	39316.0	38299.0	38676.0	39839.0	40973.0	43196.0	43074.0	42397.0	40305.0	38401.0	39753.0	41925.0	51237.0	83464.0	189240.0	464507.0	1293653.0	2471921.0
	76
Tcells-Day7_CD4_Naive_HA_rep1-GSM5171842-GSE168880_R1	8037705.0
	20	21	22	23	24	25	26	27	28	29	30	31	32	33	34	35	36	37	38	39	40	41	42	43	44	45	46	47	48	49	50	51	52	53	54	55	56	57	58	59	60	61
Tcells-Day7_CD4_Naive_HA_rep1-GSM5171842-GSE168880_R1_val_1	37369.0	56331.0	58928.0	58048.0	64342.0	65042.0	63504.0	64124.0	71311.0	78282.0	80661.0	75887.0	68192.0	62377.0	61698.0	62250.0	62565.0	61925.0	63345.0	66071.0	66175.0	64636.0	59383.0	55393.0	53435.0	51980.0	52207.0	53554.0	54307.0	57336.0	57464.0	55737.0	53112.0	50236.0	50117.0	51650.0	62327.0	98970.0	223222.0	555784.0	1591935.0	3228466.0
	76
Tcells-Day7_CD4_Naive_HA_rep1-GSM5171842-GSE168880_R2	8037705.0
	20	21	22	23	24	25	26	27	28	29	30	31	32	33	34	35	36	37	38	39	40	41	42	43	44	45	46	47	48	49	50	51	52	53	54	55	56	57	58	59	60	61
Tcells-Day7_CD4_Naive_HA_rep1-GSM5171842-GSE168880_R2_val_2	37514.0	56359.0	58940.0	57954.0	64353.0	65055.0	63412.0	64121.0	71058.0	77986.0	80375.0	75577.0	68117.0	62217.0	61589.0	62090.0	62335.0	61799.0	63147.0	65934.0	65925.0	64438.0	59191.0	55201.0	53203.0	51896.0	52226.0	53188.0	54299.0	57382.0	57674.0	56119.0	53542.0	50851.0	50995.0	53777.0	65967.0	105342.0	235808.0	582938.0	1629412.0	3140372.0
	76
Tcells-Day7_CD4_Naive_HA_rep2-GSM5171843-GSE168880_R1	6313978.0
	20	21	22	23	24	25	26	27	28	29	30	31	32	33	34	35	36	37	38	39	40	41	42	43	44	45	46	47	48	49	50	51	52	53	54	55	56	57	58	59	60	61
Tcells-Day7_CD4_Naive_HA_rep2-GSM5171843-GSE168880_R1_val_1	27181.0	41409.0	43209.0	42599.0	46311.0	48435.0	46211.0	47626.0	52660.0	58491.0	60503.0	57197.0	50777.0	47173.0	46317.0	46960.0	46772.0	46630.0	47528.0	50268.0	50337.0	49141.0	45287.0	42230.0	40949.0	40298.0	39896.0	41072.0	41862.0	44390.0	43799.0	43094.0	41286.0	38915.0	38877.0	40406.0	48648.0	78243.0	178086.0	446631.0	1273898.0	2571291.0
	76
Tcells-Day7_CD4_Naive_HA_rep2-GSM5171843-GSE168880_R2	6313978.0
	20	21	22	23	24	25	26	27	28	29	30	31	32	33	34	35	36	37	38	39	40	41	42	43	44	45	46	47	48	49	50	51	52	53	54	55	56	57	58	59	60	61
Tcells-Day7_CD4_Naive_HA_rep2-GSM5171843-GSE168880_R2_val_2	27244.0	41473.0	43099.0	42620.0	46287.0	48407.0	46215.0	47537.0	52567.0	58393.0	60236.0	57168.0	50630.0	47030.0	46175.0	46974.0	46633.0	46482.0	47383.0	50149.0	50149.0	48934.0	45099.0	42013.0	40628.0	40204.0	39948.0	40969.0	41840.0	44479.0	44046.0	43338.0	41808.0	39661.0	39869.0	42323.0	51392.0	83071.0	187888.0	467922.0	1309687.0	2494923.0
	76
Tcells-Day7_CD8_CentralMemory_CD19_rep1-GSM5171844-GSE168880_R1	5180063.0
	20	21	22	23	24	25	26	27	28	29	30	31	32	33	34	35	36	37	38	39	40	41	42	43	44	45	46	47	48	49	50	51	52	53	54	55	56	57	58	59	60	61
Tcells-Day7_CD8_CentralMemory_CD19_rep1-GSM5171844-GSE168880_R1_val_1	18068.0	28080.0	30016.0	29801.0	32147.0	32268.0	31465.0	32485.0	36748.0	41719.0	44254.0	43133.0	40208.0	36853.0	36412.0	36053.0	35759.0	35793.0	37654.0	40070.0	39841.0	40454.0	38524.0	36270.0	34965.0	33431.0	32964.0	33978.0	34566.0	37004.0	36483.0	36797.0	35111.0	33924.0	34598.0	35429.0	42236.0	66727.0	149897.0	367013.0	1022547.0	2201978.0
	76
Tcells-Day7_CD8_CentralMemory_CD19_rep1-GSM5171844-GSE168880_R2	5180063.0
	20	21	22	23	24	25	26	27	28	29	30	31	32	33	34	35	36	37	38	39	40	41	42	43	44	45	46	47	48	49	50	51	52	53	54	55	56	57	58	59	60	61
Tcells-Day7_CD8_CentralMemory_CD19_rep1-GSM5171844-GSE168880_R2_val_2	18151.0	28205.0	30082.0	29848.0	32158.0	32279.0	31413.0	32446.0	36669.0	41586.0	44018.0	42989.0	40101.0	36738.0	36388.0	35977.0	35642.0	35694.0	37527.0	39994.0	39811.0	40438.0	38371.0	36073.0	34906.0	33367.0	32938.0	34009.0	34513.0	37104.0	36708.0	36966.0	35384.0	34373.0	35552.0	36782.0	44668.0	70863.0	157806.0	385821.0	1053319.0	2136046.0
	76
Tcells-Day7_CD8_CentralMemory_CD19_rep2-GSM5171845-GSE168880_R1	5514440.0
	20	21	22	23	24	25	26	27	28	29	30	31	32	33	34	35	36	37	38	39	40	41	42	43	44	45	46	47	48	49	50	51	52	53	54	55	56	57	58	59	60	61
Tcells-Day7_CD8_CentralMemory_CD19_rep2-GSM5171845-GSE168880_R1_val_1	19965.0	30103.0	32971.0	32037.0	34948.0	35096.0	33869.0	34915.0	39490.0	44606.0	47701.0	46284.0	43007.0	40429.0	39729.0	38889.0	38695.0	38342.0	40259.0	42901.0	43679.0	43385.0	41105.0	38863.0	38131.0	36285.0	35791.0	36513.0	37229.0	39845.0	39950.0	40006.0	37893.0	36646.0	37451.0	38036.0	45761.0	71226.0	159789.0	389553.0	1087890.0	2323384.0
	76
Tcells-Day7_CD8_CentralMemory_CD19_rep2-GSM5171845-GSE168880_R2	5514440.0
	20	21	22	23	24	25	26	27	28	29	30	31	32	33	34	35	36	37	38	39	40	41	42	43	44	45	46	47	48	49	50	51	52	53	54	55	56	57	58	59	60	61
Tcells-Day7_CD8_CentralMemory_CD19_rep2-GSM5171845-GSE168880_R2_val_2	20039.0	30219.0	32934.0	32158.0	34934.0	35090.0	33903.0	34897.0	39427.0	44482.0	47473.0	46157.0	42974.0	40321.0	39622.0	38908.0	38608.0	38229.0	40065.0	42876.0	43458.0	43226.0	40877.0	38733.0	37935.0	36139.0	35743.0	36506.0	37288.0	39878.0	40102.0	40087.0	38343.0	37242.0	38156.0	39605.0	48160.0	75897.0	167939.0	410979.0	1121788.0	2251250.0
	76
Tcells-Day7_CD8_CentralMemory_HA_rep1-GSM5171846-GSE168880_R1	6320907.0
	20	21	22	23	24	25	26	27	28	29	30	31	32	33	34	35	36	37	38	39	40	41	42	43	44	45	46	47	48	49	50	51	52	53	54	55	56	57	58	59	60	61
Tcells-Day7_CD8_CentralMemory_HA_rep1-GSM5171846-GSE168880_R1_val_1	24510.0	35947.0	37882.0	37851.0	42733.0	42056.0	40918.0	43577.0	48448.0	53768.0	55580.0	52802.0	48161.0	45632.0	45381.0	47107.0	46100.0	46550.0	48099.0	50683.0	51215.0	49811.0	47319.0	43376.0	42187.0	41992.0	41308.0	42408.0	43155.0	46186.0	46160.0	46107.0	43387.0	41446.0	40496.0	42153.0	50501.0	78854.0	177488.0	447699.0	1277454.0	2610359.0
	76
Tcells-Day7_CD8_CentralMemory_HA_rep1-GSM5171846-GSE168880_R2	6320907.0
	20	21	22	23	24	25	26	27	28	29	30	31	32	33	34	35	36	37	38	39	40	41	42	43	44	45	46	47	48	49	50	51	52	53	54	55	56	57	58	59	60	61
Tcells-Day7_CD8_CentralMemory_HA_rep1-GSM5171846-GSE168880_R2_val_2	24668.0	36030.0	37999.0	37921.0	42709.0	42132.0	40914.0	43514.0	48346.0	53630.0	55457.0	52581.0	48071.0	45421.0	45309.0	46999.0	45978.0	46339.0	47985.0	50532.0	51010.0	49597.0	47132.0	43270.0	42102.0	41758.0	41332.0	42417.0	43195.0	46208.0	46430.0	46241.0	43710.0	42048.0	41433.0	43719.0	53300.0	84756.0	186982.0	470043.0	1313421.0	2532207.0
	76
Tcells-Day7_CD8_CentralMemory_HA_rep2-GSM5171847-GSE168880_R1	7059254.0
	20	21	22	23	24	25	26	27	28	29	30	31	32	33	34	35	36	37	38	39	40	41	42	43	44	45	46	47	48	49	50	51	52	53	54	55	56	57	58	59	60	61
Tcells-Day7_CD8_CentralMemory_HA_rep2-GSM5171847-GSE168880_R1_val_1	26050.0	37833.0	40414.0	41500.0	47082.0	46290.0	44893.0	46716.0	52657.0	58621.0	60552.0	57225.0	52233.0	49481.0	49385.0	50910.0	50350.0	50625.0	52688.0	55288.0	55343.0	54585.0	51232.0	47783.0	46718.0	45668.0	45747.0	46729.0	47729.0	50656.0	50980.0	50471.0	48241.0	46056.0	45499.0	47067.0	55695.0	87769.0	197890.0	502424.0	1445701.0	2937145.0
	76
Tcells-Day7_CD8_CentralMemory_HA_rep2-GSM5171847-GSE168880_R2	7059254.0
	20	21	22	23	24	25	26	27	28	29	30	31	32	33	34	35	36	37	38	39	40	41	42	43	44	45	46	47	48	49	50	51	52	53	54	55	56	57	58	59	60	61
Tcells-Day7_CD8_CentralMemory_HA_rep2-GSM5171847-GSE168880_R2_val_2	26304.0	37982.0	40528.0	41538.0	47079.0	46400.0	44913.0	46768.0	52510.0	58402.0	60280.0	56986.0	52163.0	49357.0	49516.0	50727.0	50174.0	50455.0	52473.0	55190.0	55125.0	54383.0	51007.0	47571.0	46377.0	45507.0	45703.0	46785.0	47722.0	50786.0	51124.0	50721.0	48695.0	46599.0	46585.0	49072.0	59045.0	94537.0	210078.0	524986.0	1475186.0	2860582.0
	76
Tcells-Day7_CD8_Naive_CD19_rep1-GSM5171848-GSE168880_R1	7099471.0
	20	21	22	23	24	25	26	27	28	29	30	31	32	33	34	35	36	37	38	39	40	41	42	43	44	45	46	47	48	49	50	51	52	53	54	55	56	57	58	59	60	61
Tcells-Day7_CD8_Naive_CD19_rep1-GSM5171848-GSE168880_R1_val_1	26453.0	41417.0	44599.0	43982.0	48896.0	50445.0	48195.0	48855.0	54884.0	61949.0	65650.0	62306.0	56776.0	51777.0	50757.0	51459.0	50613.0	50315.0	52096.0	55761.0	56019.0	55125.0	51885.0	48381.0	46730.0	45465.0	45115.0	46096.0	46891.0	50128.0	50028.0	49491.0	47004.0	45074.0	45716.0	47116.0	56222.0	90146.0	204620.0	502671.0	1419996.0	2950232.0
	76
Tcells-Day7_CD8_Naive_CD19_rep1-GSM5171848-GSE168880_R2	7099471.0
	20	21	22	23	24	25	26	27	28	29	30	31	32	33	34	35	36	37	38	39	40	41	42	43	44	45	46	47	48	49	50	51	52	53	54	55	56	57	58	59	60	61
Tcells-Day7_CD8_Naive_CD19_rep1-GSM5171848-GSE168880_R2_val_2	26575.0	41640.0	44579.0	44047.0	48951.0	50460.0	48185.0	48962.0	54884.0	61793.0	65366.0	62033.0	56733.0	51675.0	50854.0	51349.0	50544.0	50067.0	51875.0	55710.0	55849.0	54941.0	51704.0	48210.0	46530.0	45303.0	45078.0	46022.0	47140.0	50138.0	50185.0	49709.0	47172.0	45506.0	46754.0	48749.0	59258.0	96035.0	213748.0	526082.0	1455888.0	2871053.0
	76
Tcells-Day7_CD8_Naive_CD19_rep2-GSM5171849-GSE168880_R1	6736271.0
	20	21	22	23	24	25	26	27	28	29	30	31	32	33	34	35	36	37	38	39	40	41	42	43	44	45	46	47	48	49	50	51	52	53	54	55	56	57	58	59	60	61
Tcells-Day7_CD8_Naive_CD19_rep2-GSM5171849-GSE168880_R1_val_1	26024.0	40114.0	42782.0	41774.0	45812.0	46543.0	44713.0	45402.0	50929.0	56565.0	60158.0	57823.0	52696.0	48469.0	47720.0	48420.0	47897.0	48084.0	49060.0	52023.0	52956.0	52426.0	49185.0	45764.0	43987.0	42899.0	42950.0	43959.0	44666.0	48402.0	47447.0	46965.0	45230.0	42848.0	43232.0	44567.0	53861.0	86748.0	197316.0	481230.0	1358388.0	2788904.0
	76
Tcells-Day7_CD8_Naive_CD19_rep2-GSM5171849-GSE168880_R2	6736271.0
	20	21	22	23	24	25	26	27	28	29	30	31	32	33	34	35	36	37	38	39	40	41	42	43	44	45	46	47	48	49	50	51	52	53	54	55	56	57	58	59	60	61
Tcells-Day7_CD8_Naive_CD19_rep2-GSM5171849-GSE168880_R2_val_2	26242.0	40168.0	42824.0	41771.0	45726.0	46635.0	44729.0	45377.0	50825.0	56429.0	60019.0	57636.0	52464.0	48316.0	47536.0	48342.0	47735.0	48040.0	48894.0	51959.0	52744.0	52292.0	48915.0	45601.0	43794.0	42856.0	42823.0	44006.0	44705.0	48512.0	47651.0	47246.0	45509.0	43413.0	44296.0	46550.0	57418.0	92527.0	208288.0	507470.0	1396951.0	2701704.0
	76
Tcells-Day7_CD8_Naive_HA_rep1-GSM5171850-GSE168880_R1	6647146.0
	20	21	22	23	24	25	26	27	28	29	30	31	32	33	34	35	36	37	38	39	40	41	42	43	44	45	46	47	48	49	50	51	52	53	54	55	56	57	58	59	60	61
Tcells-Day7_CD8_Naive_HA_rep1-GSM5171850-GSE168880_R1_val_1	30957.0	45127.0	47676.0	48030.0	56619.0	53061.0	48643.0	50492.0	57422.0	64248.0	66114.0	62290.0	56574.0	53843.0	53651.0	54211.0	51377.0	50357.0	52705.0	55862.0	56375.0	55316.0	52097.0	48374.0	47459.0	46028.0	44887.0	45704.0	46481.0	49534.0	49977.0	49615.0	47056.0	44830.0	44197.0	45321.0	54081.0	83399.0	183731.0	455339.0	1289292.0	2657991.0
	76
Tcells-Day7_CD8_Naive_HA_rep1-GSM5171850-GSE168880_R2	6647146.0
	20	21	22	23	24	25	26	27	28	29	30	31	32	33	34	35	36	37	38	39	40	41	42	43	44	45	46	47	48	49	50	51	52	53	54	55	56	57	58	59	60	61
Tcells-Day7_CD8_Naive_HA_rep1-GSM5171850-GSE168880_R2_val_2	31100.0	45231.0	47612.0	48032.0	56493.0	53059.0	48581.0	50463.0	57205.0	63913.0	65860.0	62043.0	56381.0	53645.0	53544.0	54064.0	51297.0	50226.0	52580.0	55693.0	56184.0	55059.0	51734.0	48215.0	47247.0	45872.0	44696.0	45537.0	46476.0	49558.0	50115.0	49830.0	47455.0	45501.0	45133.0	46835.0	56590.0	88451.0	193758.0	478198.0	1325712.0	2581165.0
	76
Tcells-Day7_CD8_Naive_HA_rep2-GSM5171851-GSE168880_R1	5527994.0
	20	21	22	23	24	25	26	27	28	29	30	31	32	33	34	35	36	37	38	39	40	41	42	43	44	45	46	47	48	49	50	51	52	53	54	55	56	57	58	59	60	61
Tcells-Day7_CD8_Naive_HA_rep2-GSM5171851-GSE168880_R1_val_1	25289.0	36902.0	38655.0	39404.0	45967.0	43517.0	39229.0	40590.0	45442.0	51180.0	53535.0	51108.0	46530.0	44075.0	44443.0	44573.0	42552.0	41204.0	43319.0	45897.0	46335.0	46094.0	43032.0	40153.0	38842.0	37960.0	37169.0	37524.0	38254.0	40784.0	41043.0	40734.0	39283.0	37466.0	37279.0	38337.0	44366.0	69390.0	152506.0	379258.0	1071211.0	2234023.0
	76
Tcells-Day7_CD8_Naive_HA_rep2-GSM5171851-GSE168880_R2	5527994.0
	20	21	22	23	24	25	26	27	28	29	30	31	32	33	34	35	36	37	38	39	40	41	42	43	44	45	46	47	48	49	50	51	52	53	54	55	56	57	58	59	60	61
Tcells-Day7_CD8_Naive_HA_rep2-GSM5171851-GSE168880_R2_val_2	25324.0	36950.0	38662.0	39324.0	45892.0	43401.0	39137.0	40491.0	45294.0	50980.0	53354.0	51018.0	46351.0	43911.0	44395.0	44502.0	42505.0	41130.0	43157.0	45741.0	46184.0	45858.0	42873.0	39911.0	38761.0	37835.0	37113.0	37521.0	38290.0	40944.0	41127.0	40831.0	39434.0	37902.0	37993.0	39769.0	46866.0	73616.0	161170.0	398588.0	1102459.0	2167890.0

