	16.0	17.0	18.0	19.0	20.0	21.0	22.0	23.0	24.0	25.0	26.0	27.0	28.0	29.0	30.0	31.0	32.0	33.0	34.0	35.0
Tcells-Day0_CD4_CentralMemory_rep1-GSM5171828-GSE168880_R1	1.0	16.0	106.0	610.0	2254.0	5447.0	9734.0	16126.0	25132.0	38283.0	55310.0	77901.0	105554.0	139609.0	182110.0	242485.0	342246.0	564149.0	1280909.0	4670077.0
	14.0	15.0	16.0	17.0	18.0	19.0	20.0	21.0	22.0	23.0	24.0	25.0	26.0	27.0	28.0	29.0	30.0	31.0	32.0	33.0	34.0	35.0	36.0
Tcells-Day0_CD4_CentralMemory_rep1-GSM5171828-GSE168880_R1_val_1	1.0	9.0	66.0	225.0	629.0	1521.0	3083.0	5775.0	10280.0	16512.0	25652.0	37424.0	53014.0	72458.0	96163.0	125865.0	163087.0	214030.0	297868.0	467602.0	935567.0	3577417.0	1522601.0
	2.0	3.0	4.0	5.0	6.0	7.0	8.0	9.0	10.0	11.0	12.0	13.0	14.0	15.0	16.0	17.0	18.0	19.0	20.0	21.0	22.0	23.0	24.0	25.0	26.0	27.0	28.0	29.0	30.0	31.0	32.0	33.0	34.0	35.0
Tcells-Day0_CD4_CentralMemory_rep1-GSM5171828-GSE168880_R2	14.0	351.0	686.0	572.0	353.0	290.0	282.0	218.0	190.0	204.0	169.0	164.0	339.0	1093.0	2345.0	4115.0	6637.0	9384.0	13036.0	17881.0	24461.0	33125.0	44597.0	59986.0	78480.0	100438.0	126437.0	158033.0	197359.0	256270.0	353808.0	564043.0	1240823.0	4461876.0
	2.0	3.0	4.0	5.0	6.0	7.0	8.0	9.0	10.0	11.0	12.0	13.0	14.0	15.0	16.0	17.0	18.0	19.0	20.0	21.0	22.0	23.0	24.0	25.0	26.0	27.0	28.0	29.0	30.0	31.0	32.0	33.0	34.0	35.0	36.0
Tcells-Day0_CD4_CentralMemory_rep1-GSM5171828-GSE168880_R2_val_2	5.0	16.0	39.0	26.0	25.0	30.0	35.0	42.0	55.0	47.0	73.0	85.0	230.0	671.0	1380.0	2459.0	4141.0	6639.0	10571.0	15909.0	23504.0	32616.0	44122.0	58541.0	75821.0	94987.0	118732.0	146461.0	181444.0	232750.0	315963.0	481764.0	941900.0	3474641.0	1361125.0
	16.0	17.0	18.0	19.0	20.0	21.0	22.0	23.0	24.0	25.0	26.0	27.0	28.0	29.0	30.0	31.0	32.0	33.0	34.0	35.0
Tcells-Day0_CD4_CentralMemory_rep2-GSM5171829-GSE168880_R1	4.0	8.0	90.0	603.0	2465.0	5524.0	9907.0	15816.0	24896.0	38060.0	55501.0	77980.0	105805.0	139436.0	180681.0	239056.0	337942.0	561648.0	1278681.0	4525819.0
	14.0	15.0	16.0	17.0	18.0	19.0	20.0	21.0	22.0	23.0	24.0	25.0	26.0	27.0	28.0	29.0	30.0	31.0	32.0	33.0	34.0	35.0	36.0
Tcells-Day0_CD4_CentralMemory_rep2-GSM5171829-GSE168880_R1_val_1	1.0	9.0	66.0	251.0	684.0	1537.0	3019.0	5766.0	9808.0	16130.0	25183.0	37024.0	52984.0	72092.0	95155.0	124651.0	161085.0	212296.0	294149.0	463333.0	931102.0	3520108.0	1451164.0
	2.0	3.0	4.0	5.0	6.0	7.0	8.0	9.0	10.0	11.0	12.0	13.0	14.0	15.0	16.0	17.0	18.0	19.0	20.0	21.0	22.0	23.0	24.0	25.0	26.0	27.0	28.0	29.0	30.0	31.0	32.0	33.0	34.0	35.0
Tcells-Day0_CD4_CentralMemory_rep2-GSM5171829-GSE168880_R2	14.0	307.0	655.0	590.0	360.0	284.0	272.0	217.0	188.0	181.0	184.0	177.0	399.0	1104.0	2374.0	4210.0	6514.0	9757.0	13130.0	17322.0	23343.0	31919.0	42582.0	56758.0	74333.0	95665.0	121175.0	150465.0	189820.0	246175.0	339597.0	542144.0	1206690.0	4421017.0
	2.0	3.0	4.0	5.0	6.0	7.0	8.0	9.0	10.0	11.0	12.0	13.0	14.0	15.0	16.0	17.0	18.0	19.0	20.0	21.0	22.0	23.0	24.0	25.0	26.0	27.0	28.0	29.0	30.0	31.0	32.0	33.0	34.0	35.0	36.0
Tcells-Day0_CD4_CentralMemory_rep2-GSM5171829-GSE168880_R2_val_2	6.0	12.0	45.0	26.0	21.0	32.0	41.0	46.0	45.0	63.0	67.0	81.0	217.0	632.0	1356.0	2571.0	4221.0	6535.0	10300.0	15783.0	22454.0	31033.0	42425.0	55963.0	71816.0	90993.0	112949.0	139865.0	175819.0	223094.0	304161.0	463939.0	914594.0	3463230.0	1323162.0
	16.0	17.0	18.0	19.0	20.0	21.0	22.0	23.0	24.0	25.0	26.0	27.0	28.0	29.0	30.0	31.0	32.0	33.0	34.0	35.0
Tcells-Day0_CD4_Naive_rep1-GSM5171830-GSE168880_R1	1.0	6.0	96.0	612.0	2576.0	5701.0	10165.0	16486.0	26036.0	40106.0	58607.0	82473.0	113464.0	150487.0	196357.0	260727.0	371193.0	611885.0	1388016.0	5046751.0
	15.0	16.0	17.0	18.0	19.0	20.0	21.0	22.0	23.0	24.0	25.0	26.0	27.0	28.0	29.0	30.0	31.0	32.0	33.0	34.0	35.0	36.0
Tcells-Day0_CD4_Naive_rep1-GSM5171830-GSE168880_R1_val_1	3.0	49.0	255.0	672.0	1475.0	3149.0	5842.0	10409.0	17474.0	26755.0	39481.0	56112.0	77867.0	104097.0	135697.0	175980.0	232492.0	324436.0	508895.0	1017685.0	3901753.0	1611258.0
	2.0	3.0	4.0	5.0	6.0	7.0	8.0	9.0	10.0	11.0	12.0	13.0	14.0	15.0	16.0	17.0	18.0	19.0	20.0	21.0	22.0	23.0	24.0	25.0	26.0	27.0	28.0	29.0	30.0	31.0	32.0	33.0	34.0	35.0
Tcells-Day0_CD4_Naive_rep1-GSM5171830-GSE168880_R2	18.0	367.0	710.0	628.0	369.0	275.0	293.0	233.0	216.0	238.0	222.0	180.0	414.0	1214.0	2591.0	4563.0	6914.0	10065.0	13638.0	18717.0	25441.0	34989.0	47448.0	63920.0	83755.0	107524.0	136458.0	170263.0	213844.0	274527.0	377417.0	597426.0	1317591.0	4869277.0
	2.0	3.0	4.0	5.0	6.0	7.0	8.0	9.0	10.0	11.0	12.0	13.0	14.0	15.0	16.0	17.0	18.0	19.0	20.0	21.0	22.0	23.0	24.0	25.0	26.0	27.0	28.0	29.0	30.0	31.0	32.0	33.0	34.0	35.0	36.0
Tcells-Day0_CD4_Naive_rep1-GSM5171830-GSE168880_R2_val_2	8.0	15.0	34.0	18.0	26.0	38.0	54.0	61.0	48.0	68.0	71.0	77.0	229.0	659.0	1475.0	2629.0	4417.0	6997.0	11187.0	17072.0	24749.0	34701.0	47411.0	62720.0	81412.0	102854.0	128444.0	158886.0	198271.0	251047.0	339251.0	513546.0	1003423.0	3814099.0	1445839.0
	16.0	17.0	18.0	19.0	20.0	21.0	22.0	23.0	24.0	25.0	26.0	27.0	28.0	29.0	30.0	31.0	32.0	33.0	34.0	35.0
Tcells-Day0_CD4_Naive_rep2-GSM5171831-GSE168880_R1	1.0	8.0	89.0	569.0	2185.0	5396.0	10278.0	16638.0	26010.0	39792.0	58583.0	82250.0	112585.0	148223.0	193650.0	256260.0	362236.0	599083.0	1359324.0	4980114.0
	15.0	16.0	17.0	18.0	19.0	20.0	21.0	22.0	23.0	24.0	25.0	26.0	27.0	28.0	29.0	30.0	31.0	32.0	33.0	34.0	35.0	36.0
Tcells-Day0_CD4_Naive_rep2-GSM5171831-GSE168880_R1_val_1	9.0	66.0	218.0	674.0	1601.0	3234.0	6172.0	10577.0	17133.0	26738.0	39496.0	56058.0	77178.0	103077.0	133895.0	173513.0	228115.0	316876.0	496187.0	989975.0	3835952.0	1612037.0
	2.0	3.0	4.0	5.0	6.0	7.0	8.0	9.0	10.0	11.0	12.0	13.0	14.0	15.0	16.0	17.0	18.0	19.0	20.0	21.0	22.0	23.0	24.0	25.0	26.0	27.0	28.0	29.0	30.0	31.0	32.0	33.0	34.0	35.0
Tcells-Day0_CD4_Naive_rep2-GSM5171831-GSE168880_R2	19.0	441.0	796.0	655.0	392.0	330.0	287.0	240.0	238.0	191.0	214.0	188.0	394.0	1180.0	2417.0	4277.0	6736.0	9562.0	13378.0	18071.0	25153.0	34506.0	47416.0	63099.0	82923.0	106466.0	134272.0	167720.0	209564.0	268240.0	365301.0	573451.0	1255075.0	4860082.0
	2.0	3.0	4.0	5.0	6.0	7.0	8.0	9.0	10.0	11.0	12.0	13.0	14.0	15.0	16.0	17.0	18.0	19.0	20.0	21.0	22.0	23.0	24.0	25.0	26.0	27.0	28.0	29.0	30.0	31.0	32.0	33.0	34.0	35.0	36.0
Tcells-Day0_CD4_Naive_rep2-GSM5171831-GSE168880_R2_val_2	8.0	22.0	41.0	21.0	30.0	32.0	56.0	47.0	55.0	57.0	67.0	87.0	246.0	629.0	1328.0	2521.0	4222.0	6736.0	10923.0	16600.0	24388.0	34631.0	47140.0	62069.0	80426.0	101892.0	126470.0	156396.0	193603.0	245027.0	328787.0	492867.0	957612.0	3748508.0	1485237.0
	17.0	18.0	19.0	20.0	21.0	22.0	23.0	24.0	25.0	26.0	27.0	28.0	29.0	30.0	31.0	32.0	33.0	34.0	35.0
Tcells-Day0_CD8_CentralMemory_rep1-GSM5171832-GSE168880_R1	13.0	71.0	469.0	1933.0	4383.0	7819.0	12588.0	20081.0	30337.0	44307.0	61644.0	83369.0	108844.0	142631.0	189756.0	269391.0	450620.0	1034408.0	3516230.0
	14.0	15.0	16.0	17.0	18.0	19.0	20.0	21.0	22.0	23.0	24.0	25.0	26.0	27.0	28.0	29.0	30.0	31.0	32.0	33.0	34.0	35.0	36.0
Tcells-Day0_CD8_CentralMemory_rep1-GSM5171832-GSE168880_R1_val_1	1.0	1.0	28.0	205.0	540.0	1227.0	2522.0	4479.0	7847.0	12952.0	20269.0	29805.0	42005.0	57486.0	75971.0	98391.0	127852.0	168536.0	234247.0	371171.0	750073.0	2763181.0	1119959.0
	2.0	3.0	4.0	5.0	6.0	7.0	8.0	9.0	10.0	11.0	12.0	13.0	14.0	15.0	16.0	17.0	18.0	19.0	20.0	21.0	22.0	23.0	24.0	25.0	26.0	27.0	28.0	29.0	30.0	31.0	32.0	33.0	34.0	35.0
Tcells-Day0_CD8_CentralMemory_rep1-GSM5171832-GSE168880_R2	14.0	265.0	491.0	458.0	286.0	205.0	217.0	159.0	153.0	137.0	139.0	137.0	237.0	772.0	1676.0	3048.0	4803.0	6989.0	10006.0	13665.0	18254.0	25065.0	33631.0	44603.0	58615.0	74946.0	94955.0	118623.0	148617.0	192203.0	265985.0	424203.0	945750.0	3489587.0
	2.0	3.0	4.0	5.0	6.0	7.0	8.0	9.0	10.0	11.0	12.0	13.0	14.0	15.0	16.0	17.0	18.0	19.0	20.0	21.0	22.0	23.0	24.0	25.0	26.0	27.0	28.0	29.0	30.0	31.0	32.0	33.0	34.0	35.0	36.0
Tcells-Day0_CD8_CentralMemory_rep1-GSM5171832-GSE168880_R2_val_2	9.0	11.0	27.0	14.0	21.0	29.0	36.0	38.0	38.0	43.0	59.0	77.0	162.0	433.0	989.0	1824.0	3191.0	5198.0	7985.0	12215.0	17708.0	24569.0	33314.0	43833.0	56525.0	72132.0	88969.0	110588.0	137992.0	174831.0	237788.0	363627.0	716465.0	2728229.0	1049779.0
	16.0	17.0	18.0	19.0	20.0	21.0	22.0	23.0	24.0	25.0	26.0	27.0	28.0	29.0	30.0	31.0	32.0	33.0	34.0	35.0
Tcells-Day0_CD8_CentralMemory_rep2-GSM5171833-GSE168880_R1	1.0	6.0	52.0	454.0	1807.0	4305.0	7517.0	12162.0	19172.0	28679.0	41279.0	57857.0	78471.0	102987.0	134428.0	178759.0	254911.0	427009.0	972185.0	3351851.0
	15.0	16.0	17.0	18.0	19.0	20.0	21.0	22.0	23.0	24.0	25.0	26.0	27.0	28.0	29.0	30.0	31.0	32.0	33.0	34.0	35.0	36.0
Tcells-Day0_CD8_CentralMemory_rep2-GSM5171833-GSE168880_R1_val_1	3.0	35.0	162.0	495.0	1203.0	2521.0	4436.0	7655.0	12426.0	19182.0	28159.0	40104.0	54408.0	72066.0	93794.0	121468.0	160250.0	223854.0	355744.0	714378.0	2627080.0	1054128.0
	2.0	3.0	4.0	5.0	6.0	7.0	8.0	9.0	10.0	11.0	12.0	13.0	14.0	15.0	16.0	17.0	18.0	19.0	20.0	21.0	22.0	23.0	24.0	25.0	26.0	27.0	28.0	29.0	30.0	31.0	32.0	33.0	34.0	35.0
Tcells-Day0_CD8_CentralMemory_rep2-GSM5171833-GSE168880_R2	4.0	254.0	499.0	444.0	255.0	216.0	201.0	158.0	142.0	154.0	138.0	114.0	267.0	780.0	1658.0	3042.0	4437.0	6806.0	9310.0	12845.0	17684.0	24316.0	32975.0	43814.0	57799.0	74011.0	92861.0	115822.0	143845.0	183995.0	251883.0	397353.0	880979.0	3314831.0
	2.0	3.0	4.0	5.0	6.0	7.0	8.0	9.0	10.0	11.0	12.0	13.0	14.0	15.0	16.0	17.0	18.0	19.0	20.0	21.0	22.0	23.0	24.0	25.0	26.0	27.0	28.0	29.0	30.0	31.0	32.0	33.0	34.0	35.0	36.0
Tcells-Day0_CD8_CentralMemory_rep2-GSM5171833-GSE168880_R2_val_2	7.0	7.0	29.0	21.0	18.0	23.0	37.0	30.0	32.0	37.0	38.0	48.0	172.0	407.0	963.0	1772.0	2903.0	4759.0	7517.0	11795.0	17304.0	24351.0	33093.0	43676.0	56215.0	70483.0	87638.0	107728.0	133822.0	168645.0	226343.0	341647.0	669654.0	2594027.0	988310.0
	16.0	17.0	18.0	19.0	20.0	21.0	22.0	23.0	24.0	25.0	26.0	27.0	28.0	29.0	30.0	31.0	32.0	33.0	34.0	35.0
Tcells-Day0_CD8_Naive_rep1-GSM5171834-GSE168880_R1	2.0	8.0	90.0	518.0	2030.0	4909.0	9252.0	15345.0	23895.0	37113.0	54366.0	76454.0	103713.0	136837.0	178255.0	235433.0	335645.0	556146.0	1265817.0	4506652.0
	14.0	15.0	16.0	17.0	18.0	19.0	20.0	21.0	22.0	23.0	24.0	25.0	26.0	27.0	28.0	29.0	30.0	31.0	32.0	33.0	34.0	35.0	36.0
Tcells-Day0_CD8_Naive_rep1-GSM5171834-GSE168880_R1_val_1	1.0	13.0	45.0	226.0	690.0	1464.0	3015.0	5534.0	9643.0	15772.0	24738.0	36351.0	51960.0	71499.0	95685.0	123453.0	160534.0	210166.0	293780.0	463609.0	930450.0	3502197.0	1429316.0
	2.0	3.0	4.0	5.0	6.0	7.0	8.0	9.0	10.0	11.0	12.0	13.0	14.0	15.0	16.0	17.0	18.0	19.0	20.0	21.0	22.0	23.0	24.0	25.0	26.0	27.0	28.0	29.0	30.0	31.0	32.0	33.0	34.0	35.0
Tcells-Day0_CD8_Naive_rep1-GSM5171834-GSE168880_R2	15.0	322.0	697.0	521.0	351.0	306.0	260.0	232.0	205.0	204.0	171.0	147.0	335.0	1103.0	2270.0	3936.0	6082.0	8879.0	11898.0	16240.0	22527.0	30705.0	41204.0	55699.0	73247.0	95312.0	119655.0	150052.0	188938.0	241960.0	334077.0	530373.0	1182380.0	4422177.0
	2.0	3.0	4.0	5.0	6.0	7.0	8.0	9.0	10.0	11.0	12.0	13.0	14.0	15.0	16.0	17.0	18.0	19.0	20.0	21.0	22.0	23.0	24.0	25.0	26.0	27.0	28.0	29.0	30.0	31.0	32.0	33.0	34.0	35.0	36.0
Tcells-Day0_CD8_Naive_rep1-GSM5171834-GSE168880_R2_val_2	8.0	22.0	40.0	21.0	32.0	41.0	46.0	43.0	47.0	39.0	70.0	80.0	225.0	563.0	1305.0	2321.0	3792.0	6081.0	9635.0	14955.0	21749.0	30482.0	41674.0	55048.0	71380.0	90564.0	113008.0	139266.0	173686.0	221964.0	298757.0	454720.0	896723.0	3459913.0	1321841.0
	15.0	16.0	17.0	18.0	19.0	20.0	21.0	22.0	23.0	24.0	25.0	26.0	27.0	28.0	29.0	30.0	31.0	32.0	33.0	34.0	35.0
Tcells-Day0_CD8_Naive_rep2-GSM5171835-GSE168880_R1	1.0	0.0	3.0	69.0	527.0	2109.0	4860.0	8758.0	14395.0	22997.0	35400.0	52253.0	73462.0	99784.0	131537.0	171428.0	227528.0	323105.0	531026.0	1200044.0	4330036.0
	15.0	16.0	17.0	18.0	19.0	20.0	21.0	22.0	23.0	24.0	25.0	26.0	27.0	28.0	29.0	30.0	31.0	32.0	33.0	34.0	35.0	36.0
Tcells-Day0_CD8_Naive_rep2-GSM5171835-GSE168880_R1_val_1	6.0	56.0	205.0	586.0	1417.0	2710.0	5388.0	9308.0	15197.0	23766.0	34966.0	50147.0	68967.0	91720.0	118953.0	154231.0	203976.0	282821.0	444165.0	885846.0	3319072.0	1406320.0
	2.0	3.0	4.0	5.0	6.0	7.0	8.0	9.0	10.0	11.0	12.0	13.0	14.0	15.0	16.0	17.0	18.0	19.0	20.0	21.0	22.0	23.0	24.0	25.0	26.0	27.0	28.0	29.0	30.0	31.0	32.0	33.0	34.0	35.0
Tcells-Day0_CD8_Naive_rep2-GSM5171835-GSE168880_R2	11.0	356.0	711.0	529.0	357.0	294.0	249.0	210.0	204.0	197.0	173.0	164.0	348.0	1061.0	2141.0	3885.0	6180.0	8874.0	12265.0	16554.0	22432.0	30883.0	41734.0	56066.0	74281.0	95326.0	119434.0	148639.0	185079.0	238522.0	323056.0	509470.0	1115139.0	4214498.0
	2.0	3.0	4.0	5.0	6.0	7.0	8.0	9.0	10.0	11.0	12.0	13.0	14.0	15.0	16.0	17.0	18.0	19.0	20.0	21.0	22.0	23.0	24.0	25.0	26.0	27.0	28.0	29.0	30.0	31.0	32.0	33.0	34.0	35.0	36.0
Tcells-Day0_CD8_Naive_rep2-GSM5171835-GSE168880_R2_val_2	5.0	19.0	33.0	13.0	21.0	29.0	38.0	35.0	41.0	55.0	59.0	72.0	200.0	555.0	1238.0	2329.0	4045.0	6327.0	9867.0	15048.0	21995.0	30841.0	42151.0	55239.0	72137.0	90877.0	112660.0	137979.0	171468.0	218113.0	290544.0	437530.0	850486.0	3246982.0	1300792.0
	16.0	17.0	18.0	19.0	20.0	21.0	22.0	23.0	24.0	25.0	26.0	27.0	28.0	29.0	30.0	31.0	32.0	33.0	34.0	35.0
Tcells-Day14_CD4_CentralMemory_CD19_rep1-GSM5171852-GSE168880_R1	1.0	15.0	148.0	809.0	3290.0	7659.0	13458.0	21469.0	32931.0	50579.0	75465.0	109415.0	150157.0	200127.0	262291.0	350095.0	492604.0	797464.0	1840536.0	7780596.0
	15.0	16.0	17.0	18.0	19.0	20.0	21.0	22.0	23.0	24.0	25.0	26.0	27.0	28.0	29.0	30.0	31.0	32.0	33.0	34.0	35.0	36.0
Tcells-Day14_CD4_CentralMemory_CD19_rep1-GSM5171852-GSE168880_R1_val_1	13.0	64.0	263.0	750.0	1905.0	3892.0	7278.0	12931.0	21507.0	34113.0	51112.0	73464.0	103059.0	137647.0	180649.0	235818.0	311711.0	431048.0	666361.0	1343171.0	5901660.0	2515072.0
	2.0	3.0	4.0	5.0	6.0	7.0	8.0	9.0	10.0	11.0	12.0	13.0	14.0	15.0	16.0	17.0	18.0	19.0	20.0	21.0	22.0	23.0	24.0	25.0	26.0	27.0	28.0	29.0	30.0	31.0	32.0	33.0	34.0	35.0
Tcells-Day14_CD4_CentralMemory_CD19_rep1-GSM5171852-GSE168880_R2	20.0	427.0	1016.0	898.0	537.0	474.0	415.0	321.0	278.0	300.0	309.0	245.0	757.0	2388.0	4586.0	7131.0	10279.0	13696.0	18944.0	26073.0	35726.0	48458.0	65011.0	86150.0	113808.0	147001.0	186440.0	233461.0	295052.0	383625.0	529687.0	836925.0	1867415.0	7271256.0
	2.0	3.0	4.0	5.0	6.0	7.0	8.0	9.0	10.0	11.0	12.0	13.0	14.0	15.0	16.0	17.0	18.0	19.0	20.0	21.0	22.0	23.0	24.0	25.0	26.0	27.0	28.0	29.0	30.0	31.0	32.0	33.0	34.0	35.0	36.0
Tcells-Day14_CD4_CentralMemory_CD19_rep1-GSM5171852-GSE168880_R2_val_2	16.0	26.0	60.0	41.0	40.0	63.0	57.0	88.0	84.0	76.0	103.0	116.0	417.0	909.0	2032.0	3696.0	6084.0	9438.0	15123.0	23261.0	33935.0	48085.0	63906.0	85557.0	110610.0	139818.0	175887.0	219032.0	274774.0	351868.0	477544.0	722145.0	1415557.0	5740344.0	2112696.0
	16.0	17.0	18.0	19.0	20.0	21.0	22.0	23.0	24.0	25.0	26.0	27.0	28.0	29.0	30.0	31.0	32.0	33.0	34.0	35.0
Tcells-Day14_CD4_CentralMemory_CD19_rep2-GSM5171853-GSE168880_R1	1.0	15.0	119.0	761.0	2745.0	6149.0	10977.0	17072.0	27194.0	41610.0	62796.0	89284.0	122647.0	164374.0	215901.0	286164.0	401503.0	653236.0	1507374.0	6242910.0
	15.0	16.0	17.0	18.0	19.0	20.0	21.0	22.0	23.0	24.0	25.0	26.0	27.0	28.0	29.0	30.0	31.0	32.0	33.0	34.0	35.0	36.0
Tcells-Day14_CD4_CentralMemory_CD19_rep2-GSM5171853-GSE168880_R1_val_1	15.0	63.0	244.0	669.0	1697.0	3116.0	5907.0	10439.0	17534.0	27717.0	42004.0	59981.0	83813.0	112061.0	147444.0	192221.0	252271.0	349552.0	539491.0	1081346.0	4741653.0	2053186.0
	2.0	3.0	4.0	5.0	6.0	7.0	8.0	9.0	10.0	11.0	12.0	13.0	14.0	15.0	16.0	17.0	18.0	19.0	20.0	21.0	22.0	23.0	24.0	25.0	26.0	27.0	28.0	29.0	30.0	31.0	32.0	33.0	34.0	35.0
Tcells-Day14_CD4_CentralMemory_CD19_rep2-GSM5171853-GSE168880_R2	19.0	387.0	874.0	767.0	462.0	342.0	352.0	264.0	239.0	250.0	229.0	244.0	645.0	1933.0	3766.0	5922.0	8391.0	11265.0	15514.0	21073.0	29181.0	39145.0	51826.0	69561.0	90996.0	118085.0	150636.0	189689.0	239120.0	311242.0	429192.0	683934.0	1521733.0	5855554.0
	2.0	3.0	4.0	5.0	6.0	7.0	8.0	9.0	10.0	11.0	12.0	13.0	14.0	15.0	16.0	17.0	18.0	19.0	20.0	21.0	22.0	23.0	24.0	25.0	26.0	27.0	28.0	29.0	30.0	31.0	32.0	33.0	34.0	35.0	36.0
Tcells-Day14_CD4_CentralMemory_CD19_rep2-GSM5171853-GSE168880_R2_val_2	13.0	24.0	41.0	38.0	36.0	37.0	48.0	65.0	53.0	80.0	77.0	110.0	315.0	801.0	1709.0	2918.0	4960.0	7737.0	12446.0	18840.0	27085.0	38073.0	51568.0	68401.0	89068.0	113113.0	142048.0	176882.0	222020.0	284418.0	387747.0	588235.0	1154705.0	4626968.0	1701745.0
	16.0	17.0	18.0	19.0	20.0	21.0	22.0	23.0	24.0	25.0	26.0	27.0	28.0	29.0	30.0	31.0	32.0	33.0	34.0	35.0
Tcells-Day14_CD4_CentralMemory_HA_rep1-GSM5171854-GSE168880_R1	1.0	10.0	77.0	500.0	2117.0	4773.0	8496.0	14206.0	22370.0	34389.0	49956.0	70974.0	96316.0	127190.0	165747.0	219724.0	310247.0	510713.0	1156622.0	4095502.0
	15.0	16.0	17.0	18.0	19.0	20.0	21.0	22.0	23.0	24.0	25.0	26.0	27.0	28.0	29.0	30.0	31.0	32.0	33.0	34.0	35.0	36.0
Tcells-Day14_CD4_CentralMemory_HA_rep1-GSM5171854-GSE168880_R1_val_1	7.0	34.0	178.0	542.0	1257.0	2628.0	4989.0	8828.0	14627.0	23110.0	34195.0	48746.0	67011.0	88683.0	115914.0	149353.0	197518.0	273030.0	429062.0	858070.0	3283038.0	1202866.0
	2.0	3.0	4.0	5.0	6.0	7.0	8.0	9.0	10.0	11.0	12.0	13.0	14.0	15.0	16.0	17.0	18.0	19.0	20.0	21.0	22.0	23.0	24.0	25.0	26.0	27.0	28.0	29.0	30.0	31.0	32.0	33.0	34.0	35.0
Tcells-Day14_CD4_CentralMemory_HA_rep1-GSM5171854-GSE168880_R2	10.0	244.0	557.0	479.0	287.0	257.0	211.0	157.0	176.0	156.0	150.0	149.0	408.0	1198.0	2461.0	4276.0	6566.0	9134.0	12621.0	17299.0	23190.0	31263.0	42160.0	55524.0	72546.0	92975.0	116628.0	146262.0	183344.0	238068.0	329438.0	526387.0	1152582.0	3822767.0
	2.0	3.0	4.0	5.0	6.0	7.0	8.0	9.0	10.0	11.0	12.0	13.0	14.0	15.0	16.0	17.0	18.0	19.0	20.0	21.0	22.0	23.0	24.0	25.0	26.0	27.0	28.0	29.0	30.0	31.0	32.0	33.0	34.0	35.0	36.0
Tcells-Day14_CD4_CentralMemory_HA_rep1-GSM5171854-GSE168880_R2_val_2	5.0	13.0	34.0	17.0	23.0	28.0	42.0	42.0	39.0	46.0	59.0	80.0	213.0	616.0	1277.0	2451.0	3976.0	6399.0	10363.0	15456.0	22081.0	31059.0	41733.0	54839.0	71465.0	89046.0	110349.0	136839.0	171258.0	219676.0	296171.0	454057.0	881098.0	3166031.0	1016805.0
	15.0	16.0	17.0	18.0	19.0	20.0	21.0	22.0	23.0	24.0	25.0	26.0	27.0	28.0	29.0	30.0	31.0	32.0	33.0	34.0	35.0
Tcells-Day14_CD4_CentralMemory_HA_rep2-GSM5171855-GSE168880_R1	1.0	1.0	8.0	100.0	547.0	2321.0	5645.0	10129.0	17356.0	27268.0	41905.0	61522.0	87702.0	119423.0	157718.0	205882.0	274779.0	388402.0	637241.0	1439633.0	5143947.0
	15.0	16.0	17.0	18.0	19.0	20.0	21.0	22.0	23.0	24.0	25.0	26.0	27.0	28.0	29.0	30.0	31.0	32.0	33.0	34.0	35.0	36.0
Tcells-Day14_CD4_CentralMemory_HA_rep2-GSM5171855-GSE168880_R1_val_1	8.0	50.0	211.0	674.0	1564.0	3120.0	6290.0	11124.0	18170.0	28495.0	42470.0	60178.0	82976.0	110379.0	143756.0	185679.0	245478.0	341867.0	532910.0	1062714.0	4106629.0	1529228.0
	2.0	3.0	4.0	5.0	6.0	7.0	8.0	9.0	10.0	11.0	12.0	13.0	14.0	15.0	16.0	17.0	18.0	19.0	20.0	21.0	22.0	23.0	24.0	25.0	26.0	27.0	28.0	29.0	30.0	31.0	32.0	33.0	34.0	35.0
Tcells-Day14_CD4_CentralMemory_HA_rep2-GSM5171855-GSE168880_R2	6.0	369.0	686.0	684.0	394.0	310.0	250.0	229.0	197.0	212.0	218.0	187.0	502.0	1463.0	2973.0	5122.0	7745.0	11092.0	15401.0	21216.0	29196.0	39641.0	53194.0	69859.0	91362.0	117057.0	147419.0	184585.0	231819.0	299070.0	413919.0	659911.0	1433683.0	4781559.0
	2.0	3.0	4.0	5.0	6.0	7.0	8.0	9.0	10.0	11.0	12.0	13.0	14.0	15.0	16.0	17.0	18.0	19.0	20.0	21.0	22.0	23.0	24.0	25.0	26.0	27.0	28.0	29.0	30.0	31.0	32.0	33.0	34.0	35.0	36.0
Tcells-Day14_CD4_CentralMemory_HA_rep2-GSM5171855-GSE168880_R2_val_2	14.0	25.0	41.0	25.0	30.0	40.0	46.0	64.0	68.0	41.0	91.0	102.0	244.0	745.0	1553.0	2886.0	4857.0	7643.0	12523.0	19266.0	28120.0	38990.0	52850.0	69507.0	89176.0	111934.0	140246.0	173571.0	216017.0	275069.0	374240.0	568455.0	1097588.0	3911815.0	1316088.0
	16.0	17.0	18.0	19.0	20.0	21.0	22.0	23.0	24.0	25.0	26.0	27.0	28.0	29.0	30.0	31.0	32.0	33.0	34.0	35.0
Tcells-Day14_CD4_Naive_CD19_rep1-GSM5171856-GSE168880_R1	1.0	13.0	107.0	694.0	2804.0	6437.0	11109.0	17444.0	27194.0	41416.0	60447.0	84047.0	113912.0	151024.0	196455.0	259552.0	366458.0	598982.0	1369940.0	5259896.0
	15.0	16.0	17.0	18.0	19.0	20.0	21.0	22.0	23.0	24.0	25.0	26.0	27.0	28.0	29.0	30.0	31.0	32.0	33.0	34.0	35.0	36.0
Tcells-Day14_CD4_Naive_CD19_rep1-GSM5171856-GSE168880_R1_val_1	10.0	58.0	255.0	728.0	1670.0	3330.0	6088.0	10889.0	17677.0	28147.0	41167.0	58071.0	79078.0	104402.0	135497.0	176175.0	230469.0	321530.0	501670.0	1006528.0	4080551.0	1643345.0
	2.0	3.0	4.0	5.0	6.0	7.0	8.0	9.0	10.0	11.0	12.0	13.0	14.0	15.0	16.0	17.0	18.0	19.0	20.0	21.0	22.0	23.0	24.0	25.0	26.0	27.0	28.0	29.0	30.0	31.0	32.0	33.0	34.0	35.0
Tcells-Day14_CD4_Naive_CD19_rep1-GSM5171856-GSE168880_R2	18.0	333.0	688.0	604.0	402.0	305.0	280.0	203.0	253.0	209.0	201.0	195.0	462.0	1611.0	3275.0	5122.0	7652.0	10817.0	14812.0	20325.0	27345.0	36453.0	47686.0	63386.0	82294.0	105122.0	132493.0	166155.0	210597.0	274570.0	385084.0	623496.0	1399921.0	4945563.0
	2.0	3.0	4.0	5.0	6.0	7.0	8.0	9.0	10.0	11.0	12.0	13.0	14.0	15.0	16.0	17.0	18.0	19.0	20.0	21.0	22.0	23.0	24.0	25.0	26.0	27.0	28.0	29.0	30.0	31.0	32.0	33.0	34.0	35.0	36.0
Tcells-Day14_CD4_Naive_CD19_rep1-GSM5171856-GSE168880_R2_val_2	6.0	19.0	43.0	24.0	21.0	44.0	32.0	48.0	71.0	74.0	68.0	84.0	245.0	726.0	1594.0	2675.0	4631.0	7441.0	11589.0	17918.0	25799.0	35421.0	47604.0	62241.0	79741.0	100075.0	125361.0	156616.0	195835.0	252462.0	346396.0	536170.0	1060138.0	3997800.0	1378323.0
	16.0	17.0	18.0	19.0	20.0	21.0	22.0	23.0	24.0	25.0	26.0	27.0	28.0	29.0	30.0	31.0	32.0	33.0	34.0	35.0
Tcells-Day14_CD4_Naive_CD19_rep2-GSM5171857-GSE168880_R1	1.0	15.0	125.0	699.0	2615.0	6387.0	12114.0	19950.0	31519.0	47906.0	70942.0	99481.0	135727.0	177949.0	232917.0	309312.0	436530.0	716108.0	1623760.0	5948166.0
	15.0	16.0	17.0	18.0	19.0	20.0	21.0	22.0	23.0	24.0	25.0	26.0	27.0	28.0	29.0	30.0	31.0	32.0	33.0	34.0	35.0	36.0
Tcells-Day14_CD4_Naive_CD19_rep2-GSM5171857-GSE168880_R1_val_1	9.0	46.0	286.0	797.0	1876.0	3795.0	7131.0	12363.0	20767.0	32482.0	48188.0	68428.0	93936.0	124216.0	161778.0	209458.0	276104.0	381841.0	595968.0	1185580.0	4669995.0	1837745.0
	2.0	3.0	4.0	5.0	6.0	7.0	8.0	9.0	10.0	11.0	12.0	13.0	14.0	15.0	16.0	17.0	18.0	19.0	20.0	21.0	22.0	23.0	24.0	25.0	26.0	27.0	28.0	29.0	30.0	31.0	32.0	33.0	34.0	35.0
Tcells-Day14_CD4_Naive_CD19_rep2-GSM5171857-GSE168880_R2	12.0	441.0	809.0	752.0	460.0	367.0	351.0	257.0	222.0	250.0	236.0	231.0	556.0	1781.0	3561.0	6284.0	9319.0	13014.0	18036.0	24373.0	32854.0	44338.0	58781.0	78141.0	101949.0	129557.0	163301.0	203900.0	255779.0	330004.0	455275.0	722730.0	1578087.0	5636215.0
	2.0	3.0	4.0	5.0	6.0	7.0	8.0	9.0	10.0	11.0	12.0	13.0	14.0	15.0	16.0	17.0	18.0	19.0	20.0	21.0	22.0	23.0	24.0	25.0	26.0	27.0	28.0	29.0	30.0	31.0	32.0	33.0	34.0	35.0	36.0
Tcells-Day14_CD4_Naive_CD19_rep2-GSM5171857-GSE168880_R2_val_2	12.0	32.0	47.0	37.0	26.0	54.0	50.0	66.0	77.0	79.0	65.0	99.0	309.0	874.0	1821.0	3378.0	5869.0	9141.0	14583.0	21721.0	31494.0	43579.0	58762.0	77217.0	98711.0	123453.0	154889.0	190920.0	238613.0	303951.0	409279.0	622013.0	1200481.0	4515404.0	1605683.0
	16.0	17.0	18.0	19.0	20.0	21.0	22.0	23.0	24.0	25.0	26.0	27.0	28.0	29.0	30.0	31.0	32.0	33.0	34.0	35.0
Tcells-Day14_CD4_Naive_HA_rep1-GSM5171858-GSE168880_R1	2.0	15.0	113.0	672.0	2648.0	6367.0	10993.0	17542.0	27944.0	41963.0	60705.0	84839.0	116073.0	154607.0	201632.0	268728.0	378128.0	621438.0	1405129.0	5059155.0
	15.0	16.0	17.0	18.0	19.0	20.0	21.0	22.0	23.0	24.0	25.0	26.0	27.0	28.0	29.0	30.0	31.0	32.0	33.0	34.0	35.0	36.0
Tcells-Day14_CD4_Naive_HA_rep1-GSM5171858-GSE168880_R1_val_1	10.0	59.0	228.0	665.0	1548.0	3229.0	6266.0	11479.0	18714.0	28385.0	42145.0	59127.0	80760.0	107351.0	140733.0	182520.0	239672.0	333434.0	519524.0	1036674.0	3991799.0	1542773.0
	2.0	3.0	4.0	5.0	6.0	7.0	8.0	9.0	10.0	11.0	12.0	13.0	14.0	15.0	16.0	17.0	18.0	19.0	20.0	21.0	22.0	23.0	24.0	25.0	26.0	27.0	28.0	29.0	30.0	31.0	32.0	33.0	34.0	35.0
Tcells-Day14_CD4_Naive_HA_rep1-GSM5171858-GSE168880_R2	5.0	304.0	707.0	623.0	383.0	322.0	298.0	219.0	214.0	221.0	194.0	188.0	496.0	1433.0	2977.0	4957.0	7267.0	10394.0	14291.0	20529.0	27604.0	36852.0	49802.0	65520.0	84785.0	109425.0	139010.0	175043.0	219878.0	287193.0	400197.0	641634.0	1422430.0	4733298.0
	2.0	3.0	4.0	5.0	6.0	7.0	8.0	9.0	10.0	11.0	12.0	13.0	14.0	15.0	16.0	17.0	18.0	19.0	20.0	21.0	22.0	23.0	24.0	25.0	26.0	27.0	28.0	29.0	30.0	31.0	32.0	33.0	34.0	35.0	36.0
Tcells-Day14_CD4_Naive_HA_rep1-GSM5171858-GSE168880_R2_val_2	11.0	23.0	44.0	22.0	23.0	38.0	46.0	45.0	66.0	50.0	60.0	85.0	256.0	688.0	1512.0	2686.0	4473.0	7256.0	11664.0	18205.0	26690.0	36969.0	49459.0	64758.0	82668.0	104793.0	131546.0	162999.0	204941.0	263819.0	359418.0	551673.0	1082100.0	3898503.0	1279506.0
	16.0	17.0	18.0	19.0	20.0	21.0	22.0	23.0	24.0	25.0	26.0	27.0	28.0	29.0	30.0	31.0	32.0	33.0	34.0	35.0
Tcells-Day14_CD4_Naive_HA_rep2-GSM5171859-GSE168880_R1	1.0	13.0	96.0	640.0	2507.0	5668.0	10450.0	16731.0	26174.0	39484.0	58291.0	82062.0	111313.0	146800.0	192338.0	254908.0	360523.0	590997.0	1344728.0	5084422.0
	15.0	16.0	17.0	18.0	19.0	20.0	21.0	22.0	23.0	24.0	25.0	26.0	27.0	28.0	29.0	30.0	31.0	32.0	33.0	34.0	35.0	36.0
Tcells-Day14_CD4_Naive_HA_rep2-GSM5171859-GSE168880_R1_val_1	9.0	54.0	209.0	600.0	1337.0	2983.0	5783.0	10353.0	17121.0	26870.0	40131.0	56488.0	77344.0	103197.0	133948.0	173907.0	228992.0	318503.0	496336.0	994935.0	3963022.0	1568935.0
	2.0	3.0	4.0	5.0	6.0	7.0	8.0	9.0	10.0	11.0	12.0	13.0	14.0	15.0	16.0	17.0	18.0	19.0	20.0	21.0	22.0	23.0	24.0	25.0	26.0	27.0	28.0	29.0	30.0	31.0	32.0	33.0	34.0	35.0
Tcells-Day14_CD4_Naive_HA_rep2-GSM5171859-GSE168880_R2	8.0	307.0	724.0	647.0	376.0	315.0	289.0	229.0	230.0	219.0	212.0	165.0	454.0	1445.0	2913.0	4853.0	7023.0	10106.0	14114.0	19612.0	26720.0	36227.0	48448.0	64352.0	83769.0	108218.0	135984.0	170217.0	213833.0	278882.0	386655.0	620247.0	1365410.0	4724943.0
	2.0	3.0	4.0	5.0	6.0	7.0	8.0	9.0	10.0	11.0	12.0	13.0	14.0	15.0	16.0	17.0	18.0	19.0	20.0	21.0	22.0	23.0	24.0	25.0	26.0	27.0	28.0	29.0	30.0	31.0	32.0	33.0	34.0	35.0	36.0
Tcells-Day14_CD4_Naive_HA_rep2-GSM5171859-GSE168880_R2_val_2	8.0	18.0	41.0	25.0	30.0	45.0	54.0	45.0	49.0	62.0	66.0	88.0	227.0	702.0	1366.0	2602.0	4454.0	6978.0	11440.0	17512.0	25384.0	35812.0	48278.0	63635.0	81510.0	103324.0	129526.0	159798.0	199320.0	256481.0	348895.0	533646.0	1042109.0	3836350.0	1311177.0
	17.0	18.0	19.0	20.0	21.0	22.0	23.0	24.0	25.0	26.0	27.0	28.0	29.0	30.0	31.0	32.0	33.0	34.0	35.0
Tcells-Day14_CD8_CentralMemory_CD19_rep1-GSM5171860-GSE168880_R1	14.0	141.0	718.0	2936.0	7428.0	13044.0	21201.0	33058.0	50099.0	73165.0	102959.0	140308.0	184743.0	241036.0	320319.0	450670.0	738079.0	1686538.0	6276492.0
	14.0	15.0	16.0	17.0	18.0	19.0	20.0	21.0	22.0	23.0	24.0	25.0	26.0	27.0	28.0	29.0	30.0	31.0	32.0	33.0	34.0	35.0	36.0
Tcells-Day14_CD8_CentralMemory_CD19_rep1-GSM5171860-GSE168880_R1_val_1	1.0	13.0	73.0	295.0	871.0	1989.0	3954.0	7481.0	12955.0	21212.0	34177.0	49770.0	70450.0	96986.0	128432.0	167123.0	216525.0	286066.0	392973.0	614005.0	1224968.0	4939156.0	1934162.0
	2.0	3.0	4.0	5.0	6.0	7.0	8.0	9.0	10.0	11.0	12.0	13.0	14.0	15.0	16.0	17.0	18.0	19.0	20.0	21.0	22.0	23.0	24.0	25.0	26.0	27.0	28.0	29.0	30.0	31.0	32.0	33.0	34.0	35.0
Tcells-Day14_CD8_CentralMemory_CD19_rep1-GSM5171860-GSE168880_R2	18.0	389.0	855.0	733.0	492.0	381.0	379.0	246.0	259.0	297.0	256.0	229.0	648.0	1820.0	3858.0	6283.0	9588.0	13300.0	18338.0	25415.0	34462.0	45787.0	60888.0	80137.0	103709.0	133138.0	168812.0	210236.0	265423.0	346842.0	482375.0	770549.0	1701758.0	5855048.0
	2.0	3.0	4.0	5.0	6.0	7.0	8.0	9.0	10.0	11.0	12.0	13.0	14.0	15.0	16.0	17.0	18.0	19.0	20.0	21.0	22.0	23.0	24.0	25.0	26.0	27.0	28.0	29.0	30.0	31.0	32.0	33.0	34.0	35.0	36.0
Tcells-Day14_CD8_CentralMemory_CD19_rep1-GSM5171860-GSE168880_R2_val_2	15.0	25.0	47.0	38.0	35.0	49.0	58.0	61.0	55.0	87.0	81.0	104.0	319.0	918.0	1830.0	3431.0	5897.0	9087.0	14823.0	22414.0	32216.0	44568.0	60000.0	78371.0	100669.0	127874.0	159194.0	197268.0	245791.0	317373.0	433026.0	661963.0	1293622.0	4796511.0	1595817.0
	17.0	18.0	19.0	20.0	21.0	22.0	23.0	24.0	25.0	26.0	27.0	28.0	29.0	30.0	31.0	32.0	33.0	34.0	35.0
Tcells-Day14_CD8_CentralMemory_CD19_rep2-GSM5171861-GSE168880_R1	14.0	90.0	608.0	2444.0	5692.0	9964.0	15717.0	24176.0	36374.0	52455.0	72773.0	99610.0	131280.0	170914.0	226717.0	319730.0	523778.0	1201239.0	4706730.0
	15.0	16.0	17.0	18.0	19.0	20.0	21.0	22.0	23.0	24.0	25.0	26.0	27.0	28.0	29.0	30.0	31.0	32.0	33.0	34.0	35.0	36.0
Tcells-Day14_CD8_CentralMemory_CD19_rep2-GSM5171861-GSE168880_R1_val_1	7.0	39.0	201.0	577.0	1406.0	2898.0	5504.0	9835.0	15673.0	24876.0	35776.0	50314.0	68963.0	91477.0	119005.0	154237.0	202524.0	280732.0	437871.0	882135.0	3623570.0	1489039.0
	2.0	3.0	4.0	5.0	6.0	7.0	8.0	9.0	10.0	11.0	12.0	13.0	14.0	15.0	16.0	17.0	18.0	19.0	20.0	21.0	22.0	23.0	24.0	25.0	26.0	27.0	28.0	29.0	30.0	31.0	32.0	33.0	34.0	35.0
Tcells-Day14_CD8_CentralMemory_CD19_rep2-GSM5171861-GSE168880_R2	5.0	321.0	672.0	612.0	372.0	302.0	263.0	179.0	209.0	193.0	176.0	192.0	447.0	1300.0	2775.0	4577.0	6714.0	9600.0	13164.0	18182.0	24533.0	32909.0	42298.0	56162.0	72605.0	93799.0	117318.0	146776.0	185596.0	242472.0	337588.0	542766.0	1215381.0	4429847.0
	2.0	3.0	4.0	5.0	6.0	7.0	8.0	9.0	10.0	11.0	12.0	13.0	14.0	15.0	16.0	17.0	18.0	19.0	20.0	21.0	22.0	23.0	24.0	25.0	26.0	27.0	28.0	29.0	30.0	31.0	32.0	33.0	34.0	35.0	36.0
Tcells-Day14_CD8_CentralMemory_CD19_rep2-GSM5171861-GSE168880_R2_val_2	8.0	22.0	45.0	18.0	27.0	30.0	40.0	39.0	64.0	45.0	67.0	81.0	229.0	685.0	1298.0	2430.0	4224.0	6367.0	10378.0	15807.0	23303.0	31891.0	42310.0	54699.0	70873.0	88954.0	111047.0	136925.0	173188.0	221801.0	303371.0	465312.0	921145.0	3553514.0	1256422.0
	16.0	17.0	18.0	19.0	20.0	21.0	22.0	23.0	24.0	25.0	26.0	27.0	28.0	29.0	30.0	31.0	32.0	33.0	34.0	35.0
Tcells-Day14_CD8_CentralMemory_HA_rep1-GSM5171862-GSE168880_R1	2.0	14.0	123.0	786.0	3369.0	7303.0	12303.0	18725.0	28687.0	41534.0	60194.0	83411.0	112414.0	148787.0	192512.0	256866.0	363127.0	599964.0	1371584.0	5089005.0
	15.0	16.0	17.0	18.0	19.0	20.0	21.0	22.0	23.0	24.0	25.0	26.0	27.0	28.0	29.0	30.0	31.0	32.0	33.0	34.0	35.0	36.0
Tcells-Day14_CD8_CentralMemory_HA_rep1-GSM5171862-GSE168880_R1_val_1	16.0	85.0	299.0	734.0	1817.0	3516.0	6668.0	11568.0	18711.0	28500.0	41418.0	58092.0	78492.0	104352.0	134976.0	175472.0	229509.0	320397.0	502132.0	1011656.0	3982796.0	1560548.0
	2.0	3.0	4.0	5.0	6.0	7.0	8.0	9.0	10.0	11.0	12.0	13.0	14.0	15.0	16.0	17.0	18.0	19.0	20.0	21.0	22.0	23.0	24.0	25.0	26.0	27.0	28.0	29.0	30.0	31.0	32.0	33.0	34.0	35.0
Tcells-Day14_CD8_CentralMemory_HA_rep1-GSM5171862-GSE168880_R2	11.0	268.0	690.0	609.0	397.0	300.0	292.0	204.0	213.0	213.0	208.0	188.0	438.0	1465.0	2981.0	5142.0	7647.0	10899.0	15000.0	21220.0	28920.0	37555.0	49321.0	64482.0	83070.0	106188.0	134607.0	166932.0	210558.0	273587.0	381501.0	610968.0	1361166.0	4813470.0
	2.0	3.0	4.0	5.0	6.0	7.0	8.0	9.0	10.0	11.0	12.0	13.0	14.0	15.0	16.0	17.0	18.0	19.0	20.0	21.0	22.0	23.0	24.0	25.0	26.0	27.0	28.0	29.0	30.0	31.0	32.0	33.0	34.0	35.0	36.0
Tcells-Day14_CD8_CentralMemory_HA_rep1-GSM5171862-GSE168880_R2_val_2	15.0	13.0	34.0	16.0	27.0	35.0	34.0	54.0	49.0	68.0	69.0	89.0	254.0	773.0	1502.0	2781.0	4707.0	7334.0	11816.0	18279.0	26234.0	36339.0	49125.0	62992.0	81276.0	101906.0	127313.0	156095.0	195989.0	251180.0	341823.0	523754.0	1032919.0	3895293.0	1341567.0
	17.0	18.0	19.0	20.0	21.0	22.0	23.0	24.0	25.0	26.0	27.0	28.0	29.0	30.0	31.0	32.0	33.0	34.0	35.0
Tcells-Day14_CD8_CentralMemory_HA_rep2-GSM5171863-GSE168880_R1	7.0	113.0	776.0	3149.0	7393.0	12849.0	21513.0	34375.0	53480.0	80309.0	115483.0	157002.0	208624.0	271799.0	359737.0	504322.0	811873.0	1739008.0	5092237.0
	14.0	15.0	16.0	17.0	18.0	19.0	20.0	21.0	22.0	23.0	24.0	25.0	26.0	27.0	28.0	29.0	30.0	31.0	32.0	33.0	34.0	35.0	36.0
Tcells-Day14_CD8_CentralMemory_HA_rep2-GSM5171863-GSE168880_R1_val_1	1.0	13.0	74.0	256.0	749.0	1818.0	3845.0	7540.0	13630.0	22906.0	36191.0	54082.0	78506.0	107847.0	144267.0	188987.0	244247.0	321797.0	443972.0	680097.0	1306537.0	4239430.0	1442500.0
	2.0	3.0	4.0	5.0	6.0	7.0	8.0	9.0	10.0	11.0	12.0	13.0	14.0	15.0	16.0	17.0	18.0	19.0	20.0	21.0	22.0	23.0	24.0	25.0	26.0	27.0	28.0	29.0	30.0	31.0	32.0	33.0	34.0	35.0
Tcells-Day14_CD8_CentralMemory_HA_rep2-GSM5171863-GSE168880_R2	18.0	406.0	757.0	605.0	420.0	304.0	302.0	237.0	249.0	205.0	224.0	210.0	494.0	1541.0	3074.0	5378.0	8276.0	11994.0	17067.0	23729.0	33043.0	45315.0	62111.0	83471.0	110616.0	143902.0	182521.0	228908.0	287405.0	373287.0	510966.0	807592.0	1709321.0	4820101.0
	2.0	3.0	4.0	5.0	6.0	7.0	8.0	9.0	10.0	11.0	12.0	13.0	14.0	15.0	16.0	17.0	18.0	19.0	20.0	21.0	22.0	23.0	24.0	25.0	26.0	27.0	28.0	29.0	30.0	31.0	32.0	33.0	34.0	35.0	36.0
Tcells-Day14_CD8_CentralMemory_HA_rep2-GSM5171863-GSE168880_R2_val_2	8.0	9.0	37.0	26.0	21.0	39.0	58.0	59.0	69.0	66.0	82.0	91.0	301.0	764.0	1686.0	3109.0	5223.0	8504.0	13729.0	21414.0	32085.0	45658.0	62050.0	82780.0	107683.0	137648.0	172163.0	213804.0	266099.0	341582.0	459515.0	692662.0	1312658.0	4128516.0	1229094.0
	16.0	17.0	18.0	19.0	20.0	21.0	22.0	23.0	24.0	25.0	26.0	27.0	28.0	29.0	30.0	31.0	32.0	33.0	34.0	35.0
Tcells-Day14_CD8_Naive_CD19_rep1-GSM5171864-GSE168880_R1	1.0	7.0	72.0	513.0	2177.0	5204.0	9159.0	15190.0	23887.0	36419.0	53519.0	75070.0	101509.0	134626.0	174161.0	230735.0	324721.0	529922.0	1200626.0	4569808.0
	15.0	16.0	17.0	18.0	19.0	20.0	21.0	22.0	23.0	24.0	25.0	26.0	27.0	28.0	29.0	30.0	31.0	32.0	33.0	34.0	35.0	36.0
Tcells-Day14_CD8_Naive_CD19_rep1-GSM5171864-GSE168880_R1_val_1	6.0	48.0	220.0	597.0	1462.0	2964.0	5453.0	9402.0	15860.0	24490.0	36734.0	52057.0	70975.0	94241.0	122778.0	158444.0	207830.0	287371.0	447652.0	892216.0	3554979.0	1411225.0
	2.0	3.0	4.0	5.0	6.0	7.0	8.0	9.0	10.0	11.0	12.0	13.0	14.0	15.0	16.0	17.0	18.0	19.0	20.0	21.0	22.0	23.0	24.0	25.0	26.0	27.0	28.0	29.0	30.0	31.0	32.0	33.0	34.0	35.0
Tcells-Day14_CD8_Naive_CD19_rep1-GSM5171864-GSE168880_R2	13.0	315.0	688.0	613.0	373.0	269.0	243.0	198.0	211.0	189.0	194.0	170.0	501.0	1468.0	2985.0	4949.0	7164.0	10130.0	13973.0	18873.0	25573.0	34623.0	46172.0	60423.0	78938.0	100413.0	125517.0	155854.0	195571.0	250725.0	345718.0	547118.0	1187512.0	4269650.0
	2.0	3.0	4.0	5.0	6.0	7.0	8.0	9.0	10.0	11.0	12.0	13.0	14.0	15.0	16.0	17.0	18.0	19.0	20.0	21.0	22.0	23.0	24.0	25.0	26.0	27.0	28.0	29.0	30.0	31.0	32.0	33.0	34.0	35.0	36.0
Tcells-Day14_CD8_Naive_CD19_rep1-GSM5171864-GSE168880_R2_val_2	12.0	14.0	44.0	23.0	21.0	32.0	33.0	63.0	42.0	61.0	65.0	84.0	209.0	688.0	1475.0	2711.0	4521.0	7186.0	11392.0	17005.0	24509.0	34199.0	45538.0	59648.0	76499.0	96100.0	119495.0	146158.0	181794.0	230188.0	311836.0	472485.0	908065.0	3422630.0	1222179.0
	17.0	18.0	19.0	20.0	21.0	22.0	23.0	24.0	25.0	26.0	27.0	28.0	29.0	30.0	31.0	32.0	33.0	34.0	35.0
Tcells-Day14_CD8_Naive_CD19_rep2-GSM5171865-GSE168880_R1	9.0	92.0	701.0	2775.0	6009.0	10566.0	17296.0	27070.0	41167.0	59667.0	83621.0	113234.0	148730.0	194721.0	257490.0	364364.0	599087.0	1357442.0	4919247.0
	15.0	16.0	17.0	18.0	19.0	20.0	21.0	22.0	23.0	24.0	25.0	26.0	27.0	28.0	29.0	30.0	31.0	32.0	33.0	34.0	35.0	36.0
Tcells-Day14_CD8_Naive_CD19_rep2-GSM5171865-GSE168880_R1_val_1	12.0	69.0	260.0	741.0	1609.0	3329.0	6100.0	10771.0	17946.0	27443.0	41014.0	57908.0	78883.0	104519.0	135904.0	175612.0	230386.0	321981.0	501534.0	1004116.0	3885973.0	1487878.0
	2.0	3.0	4.0	5.0	6.0	7.0	8.0	9.0	10.0	11.0	12.0	13.0	14.0	15.0	16.0	17.0	18.0	19.0	20.0	21.0	22.0	23.0	24.0	25.0	26.0	27.0	28.0	29.0	30.0	31.0	32.0	33.0	34.0	35.0
Tcells-Day14_CD8_Naive_CD19_rep2-GSM5171865-GSE168880_R2	13.0	310.0	656.0	591.0	389.0	330.0	261.0	204.0	213.0	199.0	180.0	167.0	494.0	1508.0	3100.0	5330.0	7941.0	11293.0	15487.0	21084.0	28282.0	37464.0	49339.0	64417.0	84288.0	107592.0	134861.0	169484.0	213244.0	276376.0	385964.0	620047.0	1368684.0	4593496.0
	2.0	3.0	4.0	5.0	6.0	7.0	8.0	9.0	10.0	11.0	12.0	13.0	14.0	15.0	16.0	17.0	18.0	19.0	20.0	21.0	22.0	23.0	24.0	25.0	26.0	27.0	28.0	29.0	30.0	31.0	32.0	33.0	34.0	35.0	36.0
Tcells-Day14_CD8_Naive_CD19_rep2-GSM5171865-GSE168880_R2_val_2	18.0	26.0	37.0	26.0	28.0	23.0	42.0	49.0	49.0	64.0	83.0	79.0	271.0	760.0	1605.0	2968.0	5078.0	7818.0	12208.0	18592.0	26603.0	36597.0	49090.0	63494.0	81368.0	103001.0	128142.0	158786.0	198715.0	254371.0	345871.0	533617.0	1042843.0	3768125.0	1253541.0
	17.0	18.0	19.0	20.0	21.0	22.0	23.0	24.0	25.0	26.0	27.0	28.0	29.0	30.0	31.0	32.0	33.0	34.0	35.0
Tcells-Day14_CD8_Naive_HA_rep1-GSM5171866-GSE168880_R1	4.0	107.0	622.0	2352.0	5421.0	9846.0	15855.0	24687.0	36389.0	52444.0	73020.0	98064.0	128832.0	167676.0	222388.0	315432.0	520049.0	1178220.0	4052959.0
	14.0	15.0	16.0	17.0	18.0	19.0	20.0	21.0	22.0	23.0	24.0	25.0	26.0	27.0	28.0	29.0	30.0	31.0	32.0	33.0	34.0	35.0	36.0
Tcells-Day14_CD8_Naive_HA_rep1-GSM5171866-GSE168880_R1_val_1	1.0	13.0	56.0	239.0	658.0	1457.0	3090.0	5736.0	10049.0	16066.0	24910.0	36245.0	50567.0	68557.0	90955.0	117153.0	152004.0	199753.0	277675.0	435060.0	870766.0	3252371.0	1196254.0
	2.0	3.0	4.0	5.0	6.0	7.0	8.0	9.0	10.0	11.0	12.0	13.0	14.0	15.0	16.0	17.0	18.0	19.0	20.0	21.0	22.0	23.0	24.0	25.0	26.0	27.0	28.0	29.0	30.0	31.0	32.0	33.0	34.0	35.0
Tcells-Day14_CD8_Naive_HA_rep1-GSM5171866-GSE168880_R2	9.0	232.0	499.0	508.0	326.0	261.0	200.0	185.0	171.0	162.0	156.0	177.0	374.0	1184.0	2527.0	4295.0	6621.0	9533.0	12989.0	17977.0	24301.0	32006.0	42382.0	55700.0	71906.0	91209.0	114646.0	143988.0	180741.0	236088.0	327394.0	527418.0	1165628.0	3832574.0
	2.0	3.0	4.0	5.0	6.0	7.0	8.0	9.0	10.0	11.0	12.0	13.0	14.0	15.0	16.0	17.0	18.0	19.0	20.0	21.0	22.0	23.0	24.0	25.0	26.0	27.0	28.0	29.0	30.0	31.0	32.0	33.0	34.0	35.0	36.0
Tcells-Day14_CD8_Naive_HA_rep1-GSM5171866-GSE168880_R2_val_2	8.0	13.0	30.0	15.0	21.0	37.0	40.0	40.0	60.0	42.0	55.0	70.0	198.0	608.0	1323.0	2389.0	4054.0	6570.0	10465.0	15852.0	23021.0	31352.0	42191.0	54806.0	69514.0	87304.0	108393.0	134564.0	168377.0	216110.0	293869.0	451540.0	887002.0	3166992.0	1032710.0
	16.0	17.0	18.0	19.0	20.0	21.0	22.0	23.0	24.0	25.0	26.0	27.0	28.0	29.0	30.0	31.0	32.0	33.0	34.0	35.0
Tcells-Day14_CD8_Naive_HA_rep2-GSM5171867-GSE168880_R1	1.0	10.0	92.0	519.0	2158.0	5062.0	8977.0	14143.0	21874.0	33056.0	47204.0	65904.0	89224.0	116881.0	151672.0	201990.0	288045.0	475120.0	1072918.0	3666828.0
	15.0	16.0	17.0	18.0	19.0	20.0	21.0	22.0	23.0	24.0	25.0	26.0	27.0	28.0	29.0	30.0	31.0	32.0	33.0	34.0	35.0	36.0
Tcells-Day14_CD8_Naive_HA_rep2-GSM5171867-GSE168880_R1_val_1	7.0	48.0	180.0	579.0	1279.0	2641.0	5128.0	8685.0	14516.0	22275.0	32302.0	45523.0	62142.0	82399.0	106406.0	137411.0	180541.0	252551.0	396410.0	790346.0	2940312.0	1094940.0
	2.0	3.0	4.0	5.0	6.0	7.0	8.0	9.0	10.0	11.0	12.0	13.0	14.0	15.0	16.0	17.0	18.0	19.0	20.0	21.0	22.0	23.0	24.0	25.0	26.0	27.0	28.0	29.0	30.0	31.0	32.0	33.0	34.0	35.0
Tcells-Day14_CD8_Naive_HA_rep2-GSM5171867-GSE168880_R2	11.0	239.0	492.0	435.0	286.0	254.0	192.0	147.0	144.0	149.0	145.0	140.0	321.0	1058.0	2243.0	3923.0	6096.0	8670.0	11758.0	16435.0	21824.0	29100.0	37693.0	49686.0	64233.0	82076.0	104292.0	130862.0	164215.0	215241.0	300143.0	484718.0	1070265.0	3454192.0
	2.0	3.0	4.0	5.0	6.0	7.0	8.0	9.0	10.0	11.0	12.0	13.0	14.0	15.0	16.0	17.0	18.0	19.0	20.0	21.0	22.0	23.0	24.0	25.0	26.0	27.0	28.0	29.0	30.0	31.0	32.0	33.0	34.0	35.0	36.0
Tcells-Day14_CD8_Naive_HA_rep2-GSM5171867-GSE168880_R2_val_2	8.0	15.0	29.0	30.0	18.0	16.0	31.0	37.0	32.0	46.0	50.0	60.0	199.0	591.0	1220.0	2196.0	3789.0	5900.0	9223.0	14442.0	20517.0	28538.0	37365.0	48682.0	62539.0	79072.0	98503.0	122645.0	152530.0	196545.0	269115.0	414716.0	815188.0	2864425.0	928309.0
	16.0	17.0	18.0	19.0	20.0	21.0	22.0	23.0	24.0	25.0	26.0	27.0	28.0	29.0	30.0	31.0	32.0	33.0	34.0	35.0
Tcells-Day7_CD4_CentralMemory_CD19_rep1-GSM5171836-GSE168880_R1	1.0	11.0	58.0	411.0	1750.0	4274.0	7733.0	12242.0	19607.0	30172.0	45631.0	65313.0	90330.0	120171.0	157672.0	207912.0	290180.0	468656.0	1036322.0	3717150.0
	15.0	16.0	17.0	18.0	19.0	20.0	21.0	22.0	23.0	24.0	25.0	26.0	27.0	28.0	29.0	30.0	31.0	32.0	33.0	34.0	35.0	36.0
Tcells-Day7_CD4_CentralMemory_CD19_rep1-GSM5171836-GSE168880_R1_val_1	3.0	42.0	155.0	475.0	1131.0	2382.0	4298.0	7559.0	12922.0	20481.0	30416.0	44203.0	61725.0	82943.0	108808.0	141742.0	185929.0	257003.0	393923.0	769529.0	2892830.0	1181297.0
	2.0	3.0	4.0	5.0	6.0	7.0	8.0	9.0	10.0	11.0	12.0	13.0	14.0	15.0	16.0	17.0	18.0	19.0	20.0	21.0	22.0	23.0	24.0	25.0	26.0	27.0	28.0	29.0	30.0	31.0	32.0	33.0	34.0	35.0
Tcells-Day7_CD4_CentralMemory_CD19_rep1-GSM5171836-GSE168880_R2	11.0	331.0	561.0	475.0	323.0	205.0	227.0	162.0	159.0	174.0	157.0	143.0	263.0	889.0	1821.0	3144.0	4888.0	7137.0	10214.0	14513.0	20279.0	28701.0	39990.0	54968.0	72314.0	93303.0	117196.0	146406.0	180293.0	229821.0	308842.0	476505.0	998508.0	3462673.0
	2.0	3.0	4.0	5.0	6.0	7.0	8.0	9.0	10.0	11.0	12.0	13.0	14.0	15.0	16.0	17.0	18.0	19.0	20.0	21.0	22.0	23.0	24.0	25.0	26.0	27.0	28.0	29.0	30.0	31.0	32.0	33.0	34.0	35.0	36.0
Tcells-Day7_CD4_CentralMemory_CD19_rep1-GSM5171836-GSE168880_R2_val_2	12.0	13.0	24.0	17.0	24.0	37.0	33.0	32.0	47.0	40.0	48.0	49.0	155.0	412.0	908.0	1744.0	3069.0	5071.0	8378.0	13388.0	20338.0	29009.0	40938.0	54569.0	70660.0	89434.0	111649.0	137469.0	169012.0	212713.0	281534.0	416204.0	776413.0	2739284.0	1017069.0
	16.0	17.0	18.0	19.0	20.0	21.0	22.0	23.0	24.0	25.0	26.0	27.0	28.0	29.0	30.0	31.0	32.0	33.0	34.0	35.0
Tcells-Day7_CD4_CentralMemory_CD19_rep2-GSM5171837-GSE168880_R1	2.0	7.0	49.0	415.0	1873.0	4002.0	6999.0	11249.0	18164.0	28480.0	42234.0	60533.0	83328.0	111088.0	145205.0	190934.0	266872.0	428775.0	939750.0	3235820.0
	15.0	16.0	17.0	18.0	19.0	20.0	21.0	22.0	23.0	24.0	25.0	26.0	27.0	28.0	29.0	30.0	31.0	32.0	33.0	34.0	35.0	36.0
Tcells-Day7_CD4_CentralMemory_CD19_rep2-GSM5171837-GSE168880_R1_val_1	3.0	39.0	136.0	403.0	1067.0	2101.0	4101.0	7215.0	11985.0	19328.0	28510.0	41152.0	56759.0	76940.0	101192.0	130632.0	171310.0	235644.0	359796.0	700340.0	2534516.0	1023805.0
	2.0	3.0	4.0	5.0	6.0	7.0	8.0	9.0	10.0	11.0	12.0	13.0	14.0	15.0	16.0	17.0	18.0	19.0	20.0	21.0	22.0	23.0	24.0	25.0	26.0	27.0	28.0	29.0	30.0	31.0	32.0	33.0	34.0	35.0
Tcells-Day7_CD4_CentralMemory_CD19_rep2-GSM5171837-GSE168880_R2	10.0	328.0	521.0	401.0	266.0	202.0	205.0	152.0	155.0	145.0	126.0	156.0	257.0	846.0	1740.0	2907.0	4666.0	6887.0	9710.0	14004.0	19480.0	27589.0	37966.0	51722.0	68735.0	88356.0	109171.0	135931.0	166833.0	211068.0	284832.0	436146.0	903438.0	2990828.0
	2.0	3.0	4.0	5.0	6.0	7.0	8.0	9.0	10.0	11.0	12.0	13.0	14.0	15.0	16.0	17.0	18.0	19.0	20.0	21.0	22.0	23.0	24.0	25.0	26.0	27.0	28.0	29.0	30.0	31.0	32.0	33.0	34.0	35.0	36.0
Tcells-Day7_CD4_CentralMemory_CD19_rep2-GSM5171837-GSE168880_R2_val_2	5.0	17.0	33.0	12.0	18.0	22.0	27.0	35.0	33.0	48.0	55.0	64.0	150.0	399.0	843.0	1675.0	2960.0	4971.0	8215.0	12810.0	19496.0	28080.0	38457.0	51863.0	67297.0	84471.0	103651.0	127176.0	156234.0	195788.0	258841.0	381726.0	704711.0	2383114.0	873677.0
	16.0	17.0	18.0	19.0	20.0	21.0	22.0	23.0	24.0	25.0	26.0	27.0	28.0	29.0	30.0	31.0	32.0	33.0	34.0	35.0
Tcells-Day7_CD4_CentralMemory_HA_rep1-GSM5171838-GSE168880_R1	3.0	4.0	67.0	435.0	1763.0	4167.0	7230.0	11631.0	18668.0	29398.0	44456.0	63893.0	88143.0	118465.0	155227.0	205736.0	289702.0	467604.0	1038437.0	3666440.0
	15.0	16.0	17.0	18.0	19.0	20.0	21.0	22.0	23.0	24.0	25.0	26.0	27.0	28.0	29.0	30.0	31.0	32.0	33.0	34.0	35.0	36.0
Tcells-Day7_CD4_CentralMemory_HA_rep1-GSM5171838-GSE168880_R1_val_1	4.0	46.0	148.0	446.0	1058.0	2110.0	4151.0	7518.0	12234.0	19750.0	29697.0	42955.0	60732.0	81015.0	106955.0	140131.0	183694.0	253951.0	391035.0	763358.0	2862518.0	1176561.0
	2.0	3.0	4.0	5.0	6.0	7.0	8.0	9.0	10.0	11.0	12.0	13.0	14.0	15.0	16.0	17.0	18.0	19.0	20.0	21.0	22.0	23.0	24.0	25.0	26.0	27.0	28.0	29.0	30.0	31.0	32.0	33.0	34.0	35.0
Tcells-Day7_CD4_CentralMemory_HA_rep1-GSM5171838-GSE168880_R2	17.0	370.0	580.0	444.0	299.0	235.0	221.0	152.0	177.0	155.0	138.0	116.0	257.0	739.0	1686.0	3097.0	4737.0	6976.0	10102.0	14042.0	20239.0	28044.0	39180.0	53403.0	71296.0	92102.0	116489.0	144222.0	178802.0	226772.0	306871.0	475321.0	993974.0	3420214.0
	2.0	3.0	4.0	5.0	6.0	7.0	8.0	9.0	10.0	11.0	12.0	13.0	14.0	15.0	16.0	17.0	18.0	19.0	20.0	21.0	22.0	23.0	24.0	25.0	26.0	27.0	28.0	29.0	30.0	31.0	32.0	33.0	34.0	35.0	36.0
Tcells-Day7_CD4_CentralMemory_HA_rep1-GSM5171838-GSE168880_R2_val_2	1.0	16.0	24.0	13.0	10.0	20.0	35.0	47.0	21.0	35.0	47.0	48.0	143.0	414.0	911.0	1718.0	3049.0	5109.0	8380.0	13145.0	19886.0	28865.0	39766.0	53686.0	70129.0	88648.0	110482.0	136145.0	167430.0	210479.0	279804.0	414688.0	774847.0	2712799.0	999227.0
	16.0	17.0	18.0	19.0	20.0	21.0	22.0	23.0	24.0	25.0	26.0	27.0	28.0	29.0	30.0	31.0	32.0	33.0	34.0	35.0
Tcells-Day7_CD4_CentralMemory_HA_rep2-GSM5171839-GSE168880_R1	1.0	5.0	54.0	368.0	1585.0	3576.0	5903.0	9623.0	15671.0	24594.0	36906.0	54167.0	74382.0	99245.0	129467.0	172306.0	240847.0	390301.0	858630.0	3066739.0
	15.0	16.0	17.0	18.0	19.0	20.0	21.0	22.0	23.0	24.0	25.0	26.0	27.0	28.0	29.0	30.0	31.0	32.0	33.0	34.0	35.0	36.0
Tcells-Day7_CD4_CentralMemory_HA_rep2-GSM5171839-GSE168880_R1_val_1	5.0	32.0	119.0	358.0	838.0	1739.0	3493.0	6227.0	10469.0	16653.0	25212.0	36484.0	51017.0	68565.0	90015.0	116749.0	153958.0	212790.0	327032.0	636501.0	2392290.0	975898.0
	2.0	3.0	4.0	5.0	6.0	7.0	8.0	9.0	10.0	11.0	12.0	13.0	14.0	15.0	16.0	17.0	18.0	19.0	20.0	21.0	22.0	23.0	24.0	25.0	26.0	27.0	28.0	29.0	30.0	31.0	32.0	33.0	34.0	35.0
Tcells-Day7_CD4_CentralMemory_HA_rep2-GSM5171839-GSE168880_R2	3.0	250.0	458.0	382.0	266.0	181.0	184.0	145.0	135.0	122.0	125.0	104.0	241.0	710.0	1513.0	2689.0	4286.0	6226.0	8500.0	12666.0	17426.0	24702.0	34236.0	46769.0	62010.0	79482.0	99095.0	122978.0	152200.0	192922.0	261406.0	401636.0	836703.0	2813619.0
	2.0	3.0	4.0	5.0	6.0	7.0	8.0	9.0	10.0	11.0	12.0	13.0	14.0	15.0	16.0	17.0	18.0	19.0	20.0	21.0	22.0	23.0	24.0	25.0	26.0	27.0	28.0	29.0	30.0	31.0	32.0	33.0	34.0	35.0	36.0
Tcells-Day7_CD4_CentralMemory_HA_rep2-GSM5171839-GSE168880_R2_val_2	8.0	9.0	21.0	15.0	16.0	21.0	23.0	26.0	39.0	41.0	49.0	36.0	115.0	344.0	780.0	1585.0	2800.0	4588.0	7256.0	11848.0	17412.0	25032.0	34851.0	46300.0	60884.0	76506.0	93961.0	115786.0	143000.0	179122.0	238654.0	351296.0	654085.0	2243800.0	816135.0
	16.0	17.0	18.0	19.0	20.0	21.0	22.0	23.0	24.0	25.0	26.0	27.0	28.0	29.0	30.0	31.0	32.0	33.0	34.0	35.0
Tcells-Day7_CD4_Naive_CD19_rep1-GSM5171840-GSE168880_R1	1.0	1.0	65.0	553.0	2172.0	4851.0	7860.0	12446.0	19906.0	31230.0	45846.0	65745.0	91459.0	121282.0	158472.0	208526.0	289466.0	465303.0	1019689.0	3554057.0
	15.0	16.0	17.0	18.0	19.0	20.0	21.0	22.0	23.0	24.0	25.0	26.0	27.0	28.0	29.0	30.0	31.0	32.0	33.0	34.0	35.0	36.0
Tcells-Day7_CD4_Naive_CD19_rep1-GSM5171840-GSE168880_R1_val_1	8.0	40.0	152.0	427.0	1001.0	2284.0	4349.0	7997.0	13438.0	20782.0	31104.0	44727.0	61735.0	83990.0	109433.0	142275.0	186539.0	255276.0	389875.0	758020.0	2784311.0	1125307.0
	2.0	3.0	4.0	5.0	6.0	7.0	8.0	9.0	10.0	11.0	12.0	13.0	14.0	15.0	16.0	17.0	18.0	19.0	20.0	21.0	22.0	23.0	24.0	25.0	26.0	27.0	28.0	29.0	30.0	31.0	32.0	33.0	34.0	35.0
Tcells-Day7_CD4_Naive_CD19_rep1-GSM5171840-GSE168880_R2	9.0	343.0	548.0	430.0	279.0	250.0	205.0	171.0	163.0	166.0	155.0	126.0	270.0	904.0	1881.0	3325.0	5391.0	7532.0	10724.0	15624.0	21786.0	30383.0	42380.0	57030.0	75889.0	96670.0	120351.0	148651.0	183922.0	231716.0	312036.0	476546.0	985550.0	3267524.0
	2.0	3.0	4.0	5.0	6.0	7.0	8.0	9.0	10.0	11.0	12.0	13.0	14.0	15.0	16.0	17.0	18.0	19.0	20.0	21.0	22.0	23.0	24.0	25.0	26.0	27.0	28.0	29.0	30.0	31.0	32.0	33.0	34.0	35.0	36.0
Tcells-Day7_CD4_Naive_CD19_rep1-GSM5171840-GSE168880_R2_val_2	10.0	12.0	25.0	23.0	16.0	23.0	33.0	32.0	34.0	45.0	47.0	62.0	127.0	461.0	993.0	1835.0	3290.0	5611.0	9023.0	14350.0	21462.0	30774.0	42924.0	57415.0	73500.0	92898.0	113862.0	139751.0	171989.0	214695.0	284804.0	416724.0	770710.0	2610000.0	945510.0
	16.0	17.0	18.0	19.0	20.0	21.0	22.0	23.0	24.0	25.0	26.0	27.0	28.0	29.0	30.0	31.0	32.0	33.0	34.0	35.0
Tcells-Day7_CD4_Naive_CD19_rep2-GSM5171841-GSE168880_R1	1.0	8.0	49.0	429.0	1884.0	4535.0	8232.0	12879.0	20182.0	31213.0	46714.0	66829.0	91299.0	122890.0	159997.0	209967.0	291563.0	468862.0	1033968.0	3619552.0
	15.0	16.0	17.0	18.0	19.0	20.0	21.0	22.0	23.0	24.0	25.0	26.0	27.0	28.0	29.0	30.0	31.0	32.0	33.0	34.0	35.0	36.0
Tcells-Day7_CD4_Naive_CD19_rep2-GSM5171841-GSE168880_R1_val_1	11.0	52.0	166.0	519.0	1245.0	2553.0	4691.0	8277.0	13290.0	20888.0	31301.0	45034.0	62419.0	84827.0	110563.0	143564.0	187471.0	256839.0	392127.0	763715.0	2835342.0	1148740.0
	2.0	3.0	4.0	5.0	6.0	7.0	8.0	9.0	10.0	11.0	12.0	13.0	14.0	15.0	16.0	17.0	18.0	19.0	20.0	21.0	22.0	23.0	24.0	25.0	26.0	27.0	28.0	29.0	30.0	31.0	32.0	33.0	34.0	35.0
Tcells-Day7_CD4_Naive_CD19_rep2-GSM5171841-GSE168880_R2	14.0	323.0	578.0	472.0	293.0	228.0	226.0	179.0	173.0	178.0	162.0	115.0	306.0	912.0	1926.0	3392.0	5043.0	7633.0	10738.0	15551.0	21725.0	30503.0	42311.0	57474.0	75909.0	97445.0	121451.0	150157.0	183857.0	232806.0	312772.0	477310.0	983563.0	3355328.0
	2.0	3.0	4.0	5.0	6.0	7.0	8.0	9.0	10.0	11.0	12.0	13.0	14.0	15.0	16.0	17.0	18.0	19.0	20.0	21.0	22.0	23.0	24.0	25.0	26.0	27.0	28.0	29.0	30.0	31.0	32.0	33.0	34.0	35.0	36.0
Tcells-Day7_CD4_Naive_CD19_rep2-GSM5171841-GSE168880_R2_val_2	11.0	17.0	22.0	19.0	20.0	34.0	25.0	45.0	31.0	47.0	44.0	49.0	155.0	438.0	998.0	1775.0	3222.0	5562.0	9168.0	14485.0	21420.0	30849.0	42699.0	57348.0	74232.0	93558.0	115142.0	140559.0	171483.0	216112.0	284803.0	417786.0	770016.0	2654173.0	987287.0
	16.0	17.0	18.0	19.0	20.0	21.0	22.0	23.0	24.0	25.0	26.0	27.0	28.0	29.0	30.0	31.0	32.0	33.0	34.0	35.0
Tcells-Day7_CD4_Naive_HA_rep1-GSM5171842-GSE168880_R1	2.0	5.0	105.0	554.0	2370.0	5424.0	9637.0	15834.0	24612.0	38548.0	57374.0	82667.0	114519.0	153222.0	200213.0	264723.0	369626.0	594663.0	1303245.0	4800362.0
	14.0	15.0	16.0	17.0	18.0	19.0	20.0	21.0	22.0	23.0	24.0	25.0	26.0	27.0	28.0	29.0	30.0	31.0	32.0	33.0	34.0	35.0	36.0
Tcells-Day7_CD4_Naive_HA_rep1-GSM5171842-GSE168880_R1_val_1	1.0	6.0	40.0	175.0	559.0	1346.0	2748.0	5674.0	9959.0	16643.0	26028.0	38625.0	55893.0	77354.0	104773.0	137887.0	179006.0	235252.0	322855.0	495576.0	963286.0	3670572.0	1585420.0
	2.0	3.0	4.0	5.0	6.0	7.0	8.0	9.0	10.0	11.0	12.0	13.0	14.0	15.0	16.0	17.0	18.0	19.0	20.0	21.0	22.0	23.0	24.0	25.0	26.0	27.0	28.0	29.0	30.0	31.0	32.0	33.0	34.0	35.0
Tcells-Day7_CD4_Naive_HA_rep1-GSM5171842-GSE168880_R2	19.0	473.0	732.0	624.0	391.0	299.0	304.0	217.0	210.0	217.0	182.0	178.0	361.0	1163.0	2358.0	4087.0	6380.0	9304.0	13669.0	19343.0	27383.0	38008.0	53348.0	71758.0	95408.0	122413.0	153108.0	189590.0	234483.0	298061.0	404688.0	624168.0	1291896.0	4372882.0
	2.0	3.0	4.0	5.0	6.0	7.0	8.0	9.0	10.0	11.0	12.0	13.0	14.0	15.0	16.0	17.0	18.0	19.0	20.0	21.0	22.0	23.0	24.0	25.0	26.0	27.0	28.0	29.0	30.0	31.0	32.0	33.0	34.0	35.0	36.0
Tcells-Day7_CD4_Naive_HA_rep1-GSM5171842-GSE168880_R2_val_2	11.0	8.0	36.0	15.0	20.0	40.0	42.0	49.0	43.0	63.0	63.0	74.0	217.0	558.0	1171.0	2277.0	4038.0	6682.0	11213.0	17609.0	27078.0	38681.0	53816.0	71307.0	92969.0	116525.0	144913.0	177241.0	219244.0	275725.0	366746.0	544246.0	1006411.0	3436457.0	1314090.0
	17.0	18.0	19.0	20.0	21.0	22.0	23.0	24.0	25.0	26.0	27.0	28.0	29.0	30.0	31.0	32.0	33.0	34.0	35.0
Tcells-Day7_CD4_Naive_HA_rep2-GSM5171843-GSE168880_R1	5.0	68.0	507.0	2181.0	4746.0	7884.0	12384.0	19881.0	31116.0	46764.0	67237.0	92556.0	123807.0	161233.0	213551.0	295962.0	480885.0	1054052.0	3699159.0
	14.0	15.0	16.0	17.0	18.0	19.0	20.0	21.0	22.0	23.0	24.0	25.0	26.0	27.0	28.0	29.0	30.0	31.0	32.0	33.0	34.0	35.0	36.0
Tcells-Day7_CD4_Naive_HA_rep2-GSM5171843-GSE168880_R1_val_1	1.0	8.0	49.0	234.0	530.0	1039.0	2290.0	4337.0	7711.0	13053.0	20710.0	31238.0	45254.0	62906.0	84636.0	111603.0	144225.0	189424.0	260081.0	400897.0	779045.0	2887497.0	1186125.0
	2.0	3.0	4.0	5.0	6.0	7.0	8.0	9.0	10.0	11.0	12.0	13.0	14.0	15.0	16.0	17.0	18.0	19.0	20.0	21.0	22.0	23.0	24.0	25.0	26.0	27.0	28.0	29.0	30.0	31.0	32.0	33.0	34.0	35.0
Tcells-Day7_CD4_Naive_HA_rep2-GSM5171843-GSE168880_R2	7.0	351.0	595.0	500.0	294.0	243.0	220.0	183.0	180.0	147.0	176.0	155.0	278.0	937.0	2048.0	3571.0	5353.0	7546.0	10836.0	15320.0	21367.0	29488.0	40639.0	55538.0	73670.0	94745.0	118996.0	148283.0	183617.0	234147.0	316827.0	488958.0	1019061.0	3439702.0
	2.0	3.0	4.0	5.0	6.0	7.0	8.0	9.0	10.0	11.0	12.0	13.0	14.0	15.0	16.0	17.0	18.0	19.0	20.0	21.0	22.0	23.0	24.0	25.0	26.0	27.0	28.0	29.0	30.0	31.0	32.0	33.0	34.0	35.0	36.0
Tcells-Day7_CD4_Naive_HA_rep2-GSM5171843-GSE168880_R2_val_2	6.0	14.0	30.0	24.0	25.0	28.0	30.0	39.0	42.0	41.0	48.0	53.0	159.0	418.0	998.0	1874.0	3370.0	5460.0	8903.0	13899.0	20816.0	29873.0	41233.0	55208.0	71730.0	90861.0	113287.0	139198.0	171455.0	215795.0	287906.0	427291.0	793488.0	2734561.0	1004730.0
	16.0	17.0	18.0	19.0	20.0	21.0	22.0	23.0	24.0	25.0	26.0	27.0	28.0	29.0	30.0	31.0	32.0	33.0	34.0	35.0
Tcells-Day7_CD8_CentralMemory_CD19_rep1-GSM5171844-GSE168880_R1	2.0	6.0	49.0	303.0	1218.0	2855.0	5327.0	9116.0	14728.0	23717.0	36061.0	51957.0	72714.0	97478.0	128122.0	168995.0	236294.0	374306.0	829545.0	3127270.0
	15.0	16.0	17.0	18.0	19.0	20.0	21.0	22.0	23.0	24.0	25.0	26.0	27.0	28.0	29.0	30.0	31.0	32.0	33.0	34.0	35.0	36.0
Tcells-Day7_CD8_CentralMemory_CD19_rep1-GSM5171844-GSE168880_R1_val_1	4.0	26.0	113.0	301.0	766.0	1687.0	3188.0	5872.0	10066.0	15880.0	24152.0	35070.0	49438.0	67168.0	88336.0	115256.0	152130.0	207706.0	316657.0	616504.0	2421564.0	991839.0
	2.0	3.0	4.0	5.0	6.0	7.0	8.0	9.0	10.0	11.0	12.0	13.0	14.0	15.0	16.0	17.0	18.0	19.0	20.0	21.0	22.0	23.0	24.0	25.0	26.0	27.0	28.0	29.0	30.0	31.0	32.0	33.0	34.0	35.0
Tcells-Day7_CD8_CentralMemory_CD19_rep1-GSM5171844-GSE168880_R2	13.0	258.0	444.0	366.0	246.0	192.0	201.0	149.0	129.0	128.0	126.0	108.0	234.0	772.0	1578.0	2702.0	4113.0	5881.0	8149.0	11620.0	16418.0	23242.0	32966.0	45259.0	61207.0	79010.0	98494.0	122885.0	151090.0	191317.0	255091.0	387742.0	808034.0	2869899.0
	2.0	3.0	4.0	5.0	6.0	7.0	8.0	9.0	10.0	11.0	12.0	13.0	14.0	15.0	16.0	17.0	18.0	19.0	20.0	21.0	22.0	23.0	24.0	25.0	26.0	27.0	28.0	29.0	30.0	31.0	32.0	33.0	34.0	35.0	36.0
Tcells-Day7_CD8_CentralMemory_CD19_rep1-GSM5171844-GSE168880_R2_val_2	5.0	20.0	21.0	13.0	20.0	23.0	19.0	30.0	22.0	35.0	29.0	49.0	160.0	347.0	713.0	1444.0	2420.0	4242.0	6869.0	10903.0	16907.0	24052.0	33831.0	45754.0	59562.0	75743.0	94235.0	115121.0	141751.0	177494.0	233072.0	341033.0	631818.0	2272119.0	833847.0
	17.0	18.0	19.0	20.0	21.0	22.0	23.0	24.0	25.0	26.0	27.0	28.0	29.0	30.0	31.0	32.0	33.0	34.0	35.0
Tcells-Day7_CD8_CentralMemory_CD19_rep2-GSM5171845-GSE168880_R1	11.0	58.0	344.0	1472.0	3218.0	5990.0	9717.0	16463.0	25737.0	39036.0	56685.0	78922.0	105372.0	138022.0	182347.0	253929.0	405082.0	898603.0	3293432.0
	14.0	15.0	16.0	17.0	18.0	19.0	20.0	21.0	22.0	23.0	24.0	25.0	26.0	27.0	28.0	29.0	30.0	31.0	32.0	33.0	34.0	35.0	36.0
Tcells-Day7_CD8_CentralMemory_CD19_rep2-GSM5171845-GSE168880_R1_val_1	1.0	5.0	32.0	140.0	392.0	837.0	1767.0	3620.0	6314.0	10754.0	17268.0	25926.0	38098.0	53424.0	72280.0	95165.0	123960.0	162792.0	223503.0	338516.0	660291.0	2574912.0	1042650.0
	2.0	3.0	4.0	5.0	6.0	7.0	8.0	9.0	10.0	11.0	12.0	13.0	14.0	15.0	16.0	17.0	18.0	19.0	20.0	21.0	22.0	23.0	24.0	25.0	26.0	27.0	28.0	29.0	30.0	31.0	32.0	33.0	34.0	35.0
Tcells-Day7_CD8_CentralMemory_CD19_rep2-GSM5171845-GSE168880_R2	16.0	299.0	504.0	408.0	285.0	189.0	201.0	148.0	124.0	123.0	137.0	131.0	264.0	857.0	1742.0	2976.0	4464.0	6424.0	8870.0	12569.0	17393.0	24610.0	34675.0	48249.0	63893.0	82850.0	103873.0	129473.0	160178.0	203912.0	272767.0	416986.0	869490.0	3045360.0
	2.0	3.0	4.0	5.0	6.0	7.0	8.0	9.0	10.0	11.0	12.0	13.0	14.0	15.0	16.0	17.0	18.0	19.0	20.0	21.0	22.0	23.0	24.0	25.0	26.0	27.0	28.0	29.0	30.0	31.0	32.0	33.0	34.0	35.0	36.0
Tcells-Day7_CD8_CentralMemory_CD19_rep2-GSM5171845-GSE168880_R2_val_2	5.0	17.0	22.0	21.0	13.0	17.0	25.0	32.0	31.0	36.0	46.0	48.0	130.0	427.0	775.0	1570.0	2686.0	4505.0	7457.0	11664.0	17772.0	25569.0	35180.0	47967.0	62776.0	79284.0	98974.0	121423.0	149680.0	189322.0	249922.0	365674.0	678308.0	2426468.0	874801.0
	16.0	17.0	18.0	19.0	20.0	21.0	22.0	23.0	24.0	25.0	26.0	27.0	28.0	29.0	30.0	31.0	32.0	33.0	34.0	35.0
Tcells-Day7_CD8_CentralMemory_HA_rep1-GSM5171846-GSE168880_R1	1.0	6.0	52.0	447.0	1753.0	3879.0	6977.0	11434.0	18485.0	29520.0	44675.0	65317.0	90482.0	120849.0	159051.0	211017.0	294694.0	475382.0	1051236.0	3735650.0
	15.0	16.0	17.0	18.0	19.0	20.0	21.0	22.0	23.0	24.0	25.0	26.0	27.0	28.0	29.0	30.0	31.0	32.0	33.0	34.0	35.0	36.0
Tcells-Day7_CD8_CentralMemory_HA_rep1-GSM5171846-GSE168880_R1_val_1	5.0	27.0	127.0	454.0	1044.0	2023.0	4073.0	7275.0	12267.0	19691.0	29744.0	43469.0	61744.0	82931.0	109760.0	143305.0	188972.0	258362.0	399199.0	779634.0	2931619.0	1169121.0
	2.0	3.0	4.0	5.0	6.0	7.0	8.0	9.0	10.0	11.0	12.0	13.0	14.0	15.0	16.0	17.0	18.0	19.0	20.0	21.0	22.0	23.0	24.0	25.0	26.0	27.0	28.0	29.0	30.0	31.0	32.0	33.0	34.0	35.0
Tcells-Day7_CD8_CentralMemory_HA_rep1-GSM5171846-GSE168880_R2	11.0	317.0	532.0	474.0	324.0	258.0	202.0	185.0	171.0	134.0	145.0	132.0	303.0	967.0	1994.0	3477.0	5302.0	7474.0	10642.0	14868.0	20600.0	28945.0	40572.0	55666.0	74134.0	95578.0	120678.0	149158.0	185595.0	236065.0	319836.0	494471.0	1032832.0	3418865.0
	2.0	3.0	4.0	5.0	6.0	7.0	8.0	9.0	10.0	11.0	12.0	13.0	14.0	15.0	16.0	17.0	18.0	19.0	20.0	21.0	22.0	23.0	24.0	25.0	26.0	27.0	28.0	29.0	30.0	31.0	32.0	33.0	34.0	35.0	36.0
Tcells-Day7_CD8_CentralMemory_HA_rep1-GSM5171846-GSE168880_R2_val_2	10.0	14.0	31.0	13.0	21.0	23.0	24.0	32.0	30.0	46.0	39.0	54.0	148.0	477.0	1029.0	1894.0	3350.0	5352.0	8730.0	13769.0	20387.0	29548.0	40878.0	55518.0	72438.0	92113.0	114111.0	140590.0	173114.0	218904.0	290977.0	431176.0	805470.0	2759965.0	964571.0
	16.0	17.0	18.0	19.0	20.0	21.0	22.0	23.0	24.0	25.0	26.0	27.0	28.0	29.0	30.0	31.0	32.0	33.0	34.0	35.0
Tcells-Day7_CD8_CentralMemory_HA_rep2-GSM5171847-GSE168880_R1	1.0	8.0	58.0	452.0	1754.0	4016.0	7345.0	12398.0	20067.0	31697.0	48613.0	70602.0	97977.0	132598.0	173150.0	230954.0	324337.0	522472.0	1156246.0	4224509.0
	15.0	16.0	17.0	18.0	19.0	20.0	21.0	22.0	23.0	24.0	25.0	26.0	27.0	28.0	29.0	30.0	31.0	32.0	33.0	34.0	35.0	36.0
Tcells-Day7_CD8_CentralMemory_HA_rep2-GSM5171847-GSE168880_R1_val_1	2.0	27.0	155.0	447.0	1117.0	2419.0	4424.0	7931.0	13227.0	21589.0	32319.0	47399.0	66887.0	91350.0	119659.0	156122.0	206552.0	284942.0	438730.0	855615.0	3302735.0	1324273.0
	2.0	3.0	4.0	5.0	6.0	7.0	8.0	9.0	10.0	11.0	12.0	13.0	14.0	15.0	16.0	17.0	18.0	19.0	20.0	21.0	22.0	23.0	24.0	25.0	26.0	27.0	28.0	29.0	30.0	31.0	32.0	33.0	34.0	35.0
Tcells-Day7_CD8_CentralMemory_HA_rep2-GSM5171847-GSE168880_R2	11.0	353.0	631.0	535.0	342.0	274.0	267.0	198.0	187.0	170.0	195.0	147.0	340.0	1073.0	2117.0	3813.0	5738.0	8383.0	11781.0	16871.0	23579.0	32917.0	45434.0	63250.0	83259.0	106914.0	135236.0	167418.0	206407.0	262137.0	355818.0	548033.0	1134919.0	3840507.0
	2.0	3.0	4.0	5.0	6.0	7.0	8.0	9.0	10.0	11.0	12.0	13.0	14.0	15.0	16.0	17.0	18.0	19.0	20.0	21.0	22.0	23.0	24.0	25.0	26.0	27.0	28.0	29.0	30.0	31.0	32.0	33.0	34.0	35.0	36.0
Tcells-Day7_CD8_CentralMemory_HA_rep2-GSM5171847-GSE168880_R2_val_2	7.0	15.0	31.0	25.0	15.0	39.0	42.0	44.0	48.0	46.0	56.0	62.0	176.0	516.0	1101.0	2155.0	3628.0	6145.0	9802.0	15686.0	23041.0	33585.0	46843.0	62137.0	81432.0	102712.0	129163.0	157265.0	192815.0	243638.0	324050.0	478404.0	886290.0	3070629.0	1106278.0
	16.0	17.0	18.0	19.0	20.0	21.0	22.0	23.0	24.0	25.0	26.0	27.0	28.0	29.0	30.0	31.0	32.0	33.0	34.0	35.0
Tcells-Day7_CD8_Naive_CD19_rep1-GSM5171848-GSE168880_R1	3.0	11.0	66.0	489.0	2307.0	4969.0	8408.0	13311.0	21683.0	34024.0	50672.0	72203.0	98993.0	131585.0	171270.0	226391.0	313984.0	503065.0	1122032.0	4324005.0
	14.0	15.0	16.0	17.0	18.0	19.0	20.0	21.0	22.0	23.0	24.0	25.0	26.0	27.0	28.0	29.0	30.0	31.0	32.0	33.0	34.0	35.0	36.0
Tcells-Day7_CD8_Naive_CD19_rep1-GSM5171848-GSE168880_R1_val_1	1.0	3.0	44.0	197.0	501.0	1184.0	2546.0	4852.0	8503.0	14551.0	22786.0	33856.0	48767.0	67907.0	90672.0	118946.0	154529.0	201532.0	277307.0	423318.0	830057.0	3303596.0	1411681.0
	2.0	3.0	4.0	5.0	6.0	7.0	8.0	9.0	10.0	11.0	12.0	13.0	14.0	15.0	16.0	17.0	18.0	19.0	20.0	21.0	22.0	23.0	24.0	25.0	26.0	27.0	28.0	29.0	30.0	31.0	32.0	33.0	34.0	35.0
Tcells-Day7_CD8_Naive_CD19_rep1-GSM5171848-GSE168880_R2	15.0	336.0	646.0	526.0	307.0	282.0	231.0	209.0	188.0	200.0	163.0	162.0	333.0	1039.0	2258.0	3729.0	5748.0	8108.0	11271.0	15948.0	22300.0	30990.0	43257.0	59270.0	78777.0	101839.0	127347.0	159106.0	195641.0	249148.0	336914.0	518185.0	1091049.0	4033949.0
	2.0	3.0	4.0	5.0	6.0	7.0	8.0	9.0	10.0	11.0	12.0	13.0	14.0	15.0	16.0	17.0	18.0	19.0	20.0	21.0	22.0	23.0	24.0	25.0	26.0	27.0	28.0	29.0	30.0	31.0	32.0	33.0	34.0	35.0	36.0
Tcells-Day7_CD8_Naive_CD19_rep1-GSM5171848-GSE168880_R2_val_2	6.0	11.0	33.0	15.0	38.0	36.0	31.0	40.0	45.0	57.0	52.0	78.0	168.0	501.0	1040.0	1984.0	3314.0	5644.0	9213.0	14714.0	21969.0	31808.0	44390.0	58890.0	76737.0	97160.0	121319.0	148502.0	183259.0	230631.0	306437.0	453382.0	849108.0	3138192.0	1218532.0
	16.0	17.0	18.0	19.0	20.0	21.0	22.0	23.0	24.0	25.0	26.0	27.0	28.0	29.0	30.0	31.0	32.0	33.0	34.0	35.0
Tcells-Day7_CD8_Naive_CD19_rep2-GSM5171849-GSE168880_R1	1.0	8.0	72.0	404.0	1715.0	4340.0	7743.0	12695.0	20700.0	32831.0	50351.0	72158.0	100221.0	133647.0	174436.0	230052.0	318897.0	511040.0	1122282.0	3942678.0
	15.0	16.0	17.0	18.0	19.0	20.0	21.0	22.0	23.0	24.0	25.0	26.0	27.0	28.0	29.0	30.0	31.0	32.0	33.0	34.0	35.0	36.0
Tcells-Day7_CD8_Naive_CD19_rep2-GSM5171849-GSE168880_R1_val_1	3.0	34.0	142.0	467.0	1155.0	2515.0	4640.0	8264.0	13706.0	21990.0	33367.0	48680.0	67583.0	92169.0	120645.0	156678.0	205605.0	280245.0	429488.0	830314.0	3101637.0	1237611.0
	2.0	3.0	4.0	5.0	6.0	7.0	8.0	9.0	10.0	11.0	12.0	13.0	14.0	15.0	16.0	17.0	18.0	19.0	20.0	21.0	22.0	23.0	24.0	25.0	26.0	27.0	28.0	29.0	30.0	31.0	32.0	33.0	34.0	35.0
Tcells-Day7_CD8_Naive_CD19_rep2-GSM5171849-GSE168880_R2	18.0	336.0	624.0	526.0	315.0	257.0	227.0	195.0	175.0	140.0	140.0	159.0	326.0	1079.0	2203.0	3730.0	5825.0	8299.0	11515.0	16556.0	23026.0	32310.0	45013.0	62329.0	82876.0	106638.0	133065.0	164284.0	202831.0	256552.0	342836.0	523166.0	1078489.0	3630211.0
	2.0	3.0	4.0	5.0	6.0	7.0	8.0	9.0	10.0	11.0	12.0	13.0	14.0	15.0	16.0	17.0	18.0	19.0	20.0	21.0	22.0	23.0	24.0	25.0	26.0	27.0	28.0	29.0	30.0	31.0	32.0	33.0	34.0	35.0	36.0
Tcells-Day7_CD8_Naive_CD19_rep2-GSM5171849-GSE168880_R2_val_2	4.0	17.0	28.0	21.0	18.0	32.0	29.0	40.0	30.0	49.0	54.0	77.0	178.0	484.0	1148.0	2098.0	3518.0	5997.0	9813.0	15606.0	22968.0	33201.0	46047.0	62415.0	80593.0	102344.0	126484.0	154083.0	189861.0	237559.0	313191.0	458448.0	843438.0	2897005.0	1050060.0
	16.0	17.0	18.0	19.0	20.0	21.0	22.0	23.0	24.0	25.0	26.0	27.0	28.0	29.0	30.0	31.0	32.0	33.0	34.0	35.0
Tcells-Day7_CD8_Naive_HA_rep1-GSM5171850-GSE168880_R1	2.0	9.0	86.0	503.0	2135.0	4677.0	8100.0	13041.0	20707.0	32008.0	47727.0	68450.0	94688.0	125538.0	165584.0	217624.0	303122.0	485603.0	1074239.0	3983303.0
	15.0	16.0	17.0	18.0	19.0	20.0	21.0	22.0	23.0	24.0	25.0	26.0	27.0	28.0	29.0	30.0	31.0	32.0	33.0	34.0	35.0	36.0
Tcells-Day7_CD8_Naive_HA_rep1-GSM5171850-GSE168880_R1_val_1	3.0	62.0	184.0	546.0	1147.0	2407.0	4720.0	8425.0	13717.0	21400.0	32183.0	46418.0	64320.0	86119.0	113754.0	148601.0	193659.0	265109.0	406331.0	792685.0	3029551.0	1325002.0
	2.0	3.0	4.0	5.0	6.0	7.0	8.0	9.0	10.0	11.0	12.0	13.0	14.0	15.0	16.0	17.0	18.0	19.0	20.0	21.0	22.0	23.0	24.0	25.0	26.0	27.0	28.0	29.0	30.0	31.0	32.0	33.0	34.0	35.0
Tcells-Day7_CD8_Naive_HA_rep1-GSM5171850-GSE168880_R2	15.0	384.0	629.0	521.0	334.0	243.0	228.0	185.0	185.0	155.0	172.0	180.0	298.0	988.0	2027.0	3489.0	5359.0	7799.0	10810.0	15701.0	22244.0	30995.0	42686.0	58037.0	76482.0	98917.0	124175.0	153966.0	190409.0	241295.0	326459.0	502044.0	1054646.0	3675089.0
	2.0	3.0	4.0	5.0	6.0	7.0	8.0	9.0	10.0	11.0	12.0	13.0	14.0	15.0	16.0	17.0	18.0	19.0	20.0	21.0	22.0	23.0	24.0	25.0	26.0	27.0	28.0	29.0	30.0	31.0	32.0	33.0	34.0	35.0	36.0
Tcells-Day7_CD8_Naive_HA_rep1-GSM5171850-GSE168880_R2_val_2	5.0	20.0	28.0	14.0	24.0	26.0	33.0	31.0	44.0	45.0	49.0	61.0	184.0	446.0	1018.0	1851.0	3242.0	5429.0	9126.0	14407.0	21847.0	31281.0	43096.0	57562.0	74400.0	94332.0	117388.0	144490.0	176941.0	222475.0	295861.0	437947.0	819469.0	2884867.0	1098304.0
	17.0	18.0	19.0	20.0	21.0	22.0	23.0	24.0	25.0	26.0	27.0	28.0	29.0	30.0	31.0	32.0	33.0	34.0	35.0
Tcells-Day7_CD8_Naive_HA_rep2-GSM5171851-GSE168880_R1	7.0	47.0	379.0	1569.0	3560.0	6419.0	10226.0	16578.0	25793.0	38766.0	55769.0	76917.0	102971.0	134920.0	178492.0	248854.0	400522.0	886288.0	3339917.0
	15.0	16.0	17.0	18.0	19.0	20.0	21.0	22.0	23.0	24.0	25.0	26.0	27.0	28.0	29.0	30.0	31.0	32.0	33.0	34.0	35.0	36.0
Tcells-Day7_CD8_Naive_HA_rep2-GSM5171851-GSE168880_R1_val_1	1.0	36.0	111.0	390.0	871.0	1801.0	3647.0	6451.0	10804.0	17181.0	25938.0	37377.0	52315.0	70548.0	92687.0	121198.0	159246.0	218953.0	334714.0	656735.0	2550186.0	1093264.0
	2.0	3.0	4.0	5.0	6.0	7.0	8.0	9.0	10.0	11.0	12.0	13.0	14.0	15.0	16.0	17.0	18.0	19.0	20.0	21.0	22.0	23.0	24.0	25.0	26.0	27.0	28.0	29.0	30.0	31.0	32.0	33.0	34.0	35.0
Tcells-Day7_CD8_Naive_HA_rep2-GSM5171851-GSE168880_R2	5.0	296.0	500.0	418.0	279.0	206.0	188.0	160.0	125.0	160.0	130.0	127.0	249.0	801.0	1760.0	2838.0	4254.0	6176.0	8680.0	12561.0	17454.0	24695.0	34800.0	47419.0	62941.0	80855.0	101786.0	126298.0	155521.0	198964.0	267928.0	412382.0	866242.0	3090796.0
	2.0	3.0	4.0	5.0	6.0	7.0	8.0	9.0	10.0	11.0	12.0	13.0	14.0	15.0	16.0	17.0	18.0	19.0	20.0	21.0	22.0	23.0	24.0	25.0	26.0	27.0	28.0	29.0	30.0	31.0	32.0	33.0	34.0	35.0	36.0
Tcells-Day7_CD8_Naive_HA_rep2-GSM5171851-GSE168880_R2_val_2	5.0	12.0	31.0	15.0	13.0	16.0	20.0	32.0	43.0	48.0	40.0	35.0	123.0	382.0	809.0	1486.0	2606.0	4404.0	7194.0	11371.0	17246.0	24922.0	35336.0	47072.0	61041.0	77423.0	96080.0	118000.0	146114.0	183119.0	243666.0	359543.0	673746.0	2419377.0	923084.0

