Sample	1.0	2.0	3.0	4.0	5.0	6.0	7.0	8.0	9.0	>10	>50	>100	>500	>1k	>5k	>10k+
Tcells-Day0_CD4_CentralMemory_rep1-GSM5171828-GSE168880_R1	67.59147106049922	13.271714114034868	5.704128942585333	3.4144763611916393	2.1584555789324145	1.4125833153810559	1.028516749223949	0.8279647407310883	0.6508224614865431	3.5281634863084403	0.27884860145426626	0.07412521455474522	0.0	0.05872937361642717	0.0	0.0
Tcells-Day0_CD4_CentralMemory_rep1-GSM5171828-GSE168880_R1_val_1	76.94925687966378	11.1895774820387	4.101081316941299	2.2290391260510485	1.3338325271266158	0.8317076380762541	0.5877979873732214	0.44479385124281445	0.3051185283768707	1.8957384687087255	0.11272432301669685	0.019331871383961308	0.0	0.0	0.0	0.0
Tcells-Day0_CD4_CentralMemory_rep1-GSM5171828-GSE168880_R2	68.94516112466953	12.828679102499304	5.610840235712698	3.167659446448264	2.0642794170747254	1.4690659826741674	0.9576169535907705	0.7306572901594012	0.5904056109488217	3.1780566656622065	0.3039695646580455	0.04485754526497255	0.0	0.04228919732142354	0.06646186331563804	0.0
Tcells-Day0_CD4_CentralMemory_rep1-GSM5171828-GSE168880_R2_val_2	77.97295995949364	10.883205373845136	3.983144066120153	2.007845197883764	1.2265813253913316	0.7556194788175961	0.6002052929980959	0.3958266247610121	0.27889850126206545	1.7414998642438981	0.10292338079807267	0.011775555362661385	0.0	0.039515379022543845	0.0	0.0
Tcells-Day0_CD4_CentralMemory_rep2-GSM5171829-GSE168880_R1	68.46646658536304	12.892893895492158	5.693730853193158	3.269168139400628	2.170966301576198	1.3958657505700292	1.0000048189025768	0.7835258126868688	0.58918936014809	3.3957345964935173	0.2560343120492507	0.060906799777374246	0.0	0.02551277434708705	0.0	0.0
Tcells-Day0_CD4_CentralMemory_rep2-GSM5171829-GSE168880_R1_val_1	77.56281625292804	10.998007593901688	4.001134665961133	2.097367322877961	1.2775566361578223	0.8499031914576984	0.5479710862653092	0.43068314709970623	0.2771474613152742	1.8464671357502367	0.10522365592195754	0.00572185036318434	0.0	0.0	0.0	0.0
Tcells-Day0_CD4_CentralMemory_rep2-GSM5171829-GSE168880_R2	69.8383704248946	12.582909725745536	5.414079789105868	3.0864581626072867	2.0500148127232345	1.3354990528174067	0.9340533725840406	0.7534441702970951	0.5359154060519438	3.0877653559254568	0.25019492778774355	0.04058123485996068	0.0	0.0907135645998104	0.0	0.0
Tcells-Day0_CD4_CentralMemory_rep2-GSM5171829-GSE168880_R2_val_2	78.57042237488045	10.675011701839855	3.842616865914471	1.9338049256377086	1.2253487718077032	0.7562128264872896	0.5158168396103802	0.3878929594950202	0.301263799284415	1.6554521172191436	0.08530635451277484	0.013713505527351042	0.0	0.03713695778343166	0.0	0.0
Tcells-Day0_CD4_Naive_rep1-GSM5171830-GSE168880_R1	69.44458536878895	11.961423218510845	4.985748495014435	2.8209308583152906	1.801492356696324	1.2736997993543953	0.8703121551913743	0.7171372776440144	0.5517156613731459	4.149635181564762	0.9475319944879025	0.4407049579502959	0.0	0.035082675108215444	0.0	0.0
Tcells-Day0_CD4_Naive_rep1-GSM5171830-GSE168880_R1_val_1	77.48809586427954	10.269554214361698	3.6243705240704	1.8435558008162698	1.1749347290764622	0.8180933080961899	0.5535368444095491	0.427523678563775	0.3332732244010639	2.7635981323978407	0.5414105445583327	0.16205313496885435	0.0	0.0	0.0	0.0
Tcells-Day0_CD4_Naive_rep1-GSM5171830-GSE168880_R2	70.9068693523136	11.440227376269641	4.745608023423467	2.757429017321304	1.7059526041801676	1.1550478060704017	0.872554077195117	0.630841233860796	0.4979841682378691	3.8810897405500597	0.9406899348453502	0.3762592302175926	0.0	0.08944743551462889	0.0	0.0
Tcells-Day0_CD4_Naive_rep1-GSM5171830-GSE168880_R2_val_2	78.58014349437109	9.805835968438638	3.3931950156355675	1.8318144239846117	1.0907894087253023	0.7476710523631915	0.5752431761533763	0.364437693370255	0.31144922360478616	2.645043912788686	0.4845140787790164	0.12868959874165697	0.0	0.04117295304378732	0.0	0.0
Tcells-Day0_CD4_Naive_rep2-GSM5171831-GSE168880_R1	68.45085172424503	11.809337526918275	5.267260070278573	3.0395855480853986	2.0136788201617977	1.3683692210471852	0.9645830897921124	0.8151118899048805	0.5560640383687717	4.313113819614937	0.9604485887340728	0.40421522235446156	0.0	0.037380440494574466	0.0	0.0
Tcells-Day0_CD4_Naive_rep2-GSM5171831-GSE168880_R1_val_1	76.57364294751562	10.389169726426685	3.806399958840165	2.1247515251118525	1.3501110177671989	0.8623742868989965	0.6001058849938462	0.4205046095064715	0.33973634780843054	2.8556013984428135	0.5455779999096133	0.13202429677824915	0.0	0.0	0.0	0.0
Tcells-Day0_CD4_Naive_rep2-GSM5171831-GSE168880_R2	69.44153031222937	11.712024194011533	5.0986459317560096	2.9312639325937444	1.871913017126878	1.3342830449371879	0.9229634983675343	0.7041940511393517	0.5375963071692802	4.1200649037065125	0.8879873381436297	0.3531815159033169	0.0	0.0843519529156689	0.0	0.0
Tcells-Day0_CD4_Naive_rep2-GSM5171831-GSE168880_R2_val_2	77.60383077262175	10.012214050381873	3.6435121381844633	2.036257213337783	1.247673911892876	0.8011457694636308	0.5827117387251594	0.4091817830311823	0.3429187699491564	2.6898741455777855	0.47652788761010767	0.11509768494534463	0.0	0.03905413427884819	0.0	0.0
Tcells-Day0_CD8_CentralMemory_rep1-GSM5171832-GSE168880_R1	67.93067888440315	14.309704030751485	6.119546731870819	3.2428196463133863	1.9989110982232228	1.364912099093012	0.9367346268305503	0.707157784364826	0.5403873610723215	2.701463615128362	0.12736412146193932	0.009424808932066667	0.010895191554826862	0.0	0.0	0.0
Tcells-Day0_CD8_CentralMemory_rep1-GSM5171832-GSE168880_R1_val_1	77.59361497177328	11.704117686769235	4.066248319054049	2.1133857117244683	1.2186031472560481	0.7878679663988138	0.4941330365108373	0.3410230955667209	0.28428966033087316	1.3554308912085076	0.03914532816310162	0.002140185244126062	0.0	0.0	0.0	0.0
Tcells-Day0_CD8_CentralMemory_rep1-GSM5171832-GSE168880_R2	69.49747159649633	13.796673657492498	5.823274931922692	3.1243822772631176	1.902829776557587	1.2575840043540432	0.8513659524161529	0.6262931787850183	0.4725990985285986	2.4568714234022244	0.12342990172568426	0.011502108957492927	0.011379745505500078	0.04434234659307121	0.0	0.0
Tcells-Day0_CD8_CentralMemory_rep1-GSM5171832-GSE168880_R2_val_2	78.8387210866973	11.215405153138871	3.947777804951389	1.8357641186676745	1.1197576780018865	0.6829983445346761	0.48259459340395294	0.3135558537600178	0.21932684486369547	1.2682290644798768	0.03201052371218367	0.0043054483672537525	0.0	0.03955348542117338	0.0	0.0
Tcells-Day0_CD8_CentralMemory_rep2-GSM5171833-GSE168880_R1	68.01849276600944	14.38643431200281	6.1374652627723325	3.3088657182162655	2.004768059123951	1.3301751375209228	0.8522168672545365	0.6163937815575244	0.47090865759892725	2.718728402309987	0.1426800590226947	0.012870976610544645	0.0	0.0	0.0	0.0
Tcells-Day0_CD8_CentralMemory_rep2-GSM5171833-GSE168880_R1_val_1	77.49252157790859	11.921999811690757	4.063498717414975	2.1196545030921556	1.1173478705335447	0.743644279853953	0.4890273235345293	0.3112938082414459	0.2649346208391769	1.428095595543815	0.043303398051323556	0.004678493295739373	0.0	0.0	0.0	0.0
Tcells-Day0_CD8_CentralMemory_rep2-GSM5171833-GSE168880_R2	69.29784771464837	14.116239398436015	5.68586054252642	3.2411888731869136	1.9485771292792047	1.253704917955531	0.7833560321372042	0.5763949826700135	0.42415920400304485	2.467648913086333	0.14396753322123002	0.01723225840014881	0.0	0.043822500449601565	0.0	0.0
Tcells-Day0_CD8_CentralMemory_rep2-GSM5171833-GSE168880_R2_val_2	78.46347186390759	11.699133482394316	3.8359542989812008	1.929743805070602	1.0844019180702642	0.6448534530468458	0.42291895919355843	0.3335288443977588	0.23715622391257193	1.267608496505665	0.03812717679364065	0.004355563664081364	0.0	0.03874591406191512	0.0	0.0
Tcells-Day0_CD8_Naive_rep1-GSM5171834-GSE168880_R1	69.41301637940886	12.766306709565601	5.44229460218226	3.124658578325132	1.9743286519689411	1.3595530022107787	0.9622938628848335	0.7465332664662525	0.5571024108436835	3.313132879339755	0.27310959712233496	0.0472186528706279	0.0	0.020451406810923306	0.0	0.0
Tcells-Day0_CD8_Naive_rep1-GSM5171834-GSE168880_R1_val_1	78.24423855003111	10.616301863782363	3.859356695490729	2.006782943714595	1.1507369919485664	0.7737357921133046	0.5831947639719054	0.3994179537443768	0.30551926322389295	1.9242580427875702	0.12064931948374827	0.015807819707828845	0.0	0.0	0.0	0.0
Tcells-Day0_CD8_Naive_rep1-GSM5171834-GSE168880_R2	70.59597522818063	12.486746314845245	5.310239687570165	2.976850856021605	1.8058460394202513	1.3486032679078412	0.8737884918404668	0.7134566967907271	0.4892581703084306	3.0367647573190477	0.2787512562013552	0.027965640263083257	0.0	0.055753593331158376	0.0	0.0
Tcells-Day0_CD8_Naive_rep1-GSM5171834-GSE168880_R2_val_2	79.21169213431287	10.333907818344407	3.7138634995553343	1.8477533000069724	1.120275282930174	0.766664397612309	0.4890114946765869	0.4119983095659025	0.26671445213156963	1.699681695065567	0.10305181167165854	0.0058664619919531116	0.0	0.029519342134694787	0.0	0.0
Tcells-Day0_CD8_Naive_rep2-GSM5171835-GSE168880_R1	69.39939265001895	12.686205923629885	5.56806006256797	3.10552504888326	1.9460836090117741	1.3218800302401268	0.9108329977695584	0.7466522740966615	0.5298598031198427	3.3838575633106633	0.337342048596603	0.0498834066460957	0.0	0.014424582108593707	0.0	0.0
Tcells-Day0_CD8_Naive_rep2-GSM5171835-GSE168880_R1_val_1	78.35112174676007	10.597880131598766	3.8617564248183154	1.9674831619556667	1.215268733755315	0.7273235574629062	0.5249683599199426	0.3823982951177904	0.28197752712965046	1.9524435440653032	0.12324156322536624	0.014136954190848566	0.0	0.0	0.0	0.0
Tcells-Day0_CD8_Naive_rep2-GSM5171835-GSE168880_R2	70.86308174651883	12.374634081226683	5.322885366432623	2.8475867385063647	1.8091711639256884	1.2699547247371794	0.9327795312813328	0.666754133845395	0.47657173607183284	3.0395926747772912	0.2975323492584649	0.043462676521893305	0.0	0.05599307689641288	0.0	0.0
Tcells-Day0_CD8_Naive_rep2-GSM5171835-GSE168880_R2_val_2	79.47655864353334	10.170324300787426	3.6089498411613485	1.8874022176822487	1.1243131525217376	0.7088290223208324	0.516699994553783	0.383463337880256	0.23043220639888232	1.7466229184083641	0.10026082080444293	0.010689148287552555	0.0	0.035454395659767025	0.0	0.0
Tcells-Day14_CD4_CentralMemory_CD19_rep1-GSM5171852-GSE168880_R1	55.215505150775414	5.731691445498265	1.9948842522938541	1.0106612707374527	0.6802627573930866	0.4898422576628527	0.36831085395273955	0.30705538130508936	0.2532870489578551	4.324322627890252	2.8006941842028157	13.854188562112343	7.4377628440788115	5.531531363139225	0.0	0.0
Tcells-Day14_CD4_CentralMemory_CD19_rep1-GSM5171852-GSE168880_R1_val_1	59.234408573768526	5.1770125443198545	1.837646380742194	1.191318474955967	0.8583216865665279	0.6721943624964146	0.5912505460390279	0.508617744120344	0.44376594842265166	7.503155155942469	3.6023630735974104	11.76546803834122	4.387847930217327	2.2266295404698355	0.0	0.0
Tcells-Day14_CD4_CentralMemory_CD19_rep1-GSM5171852-GSE168880_R2	56.4233130115485	5.566671109139128	1.8355257790906763	1.02701360301601	0.6300388274666274	0.42625375010511696	0.3707409153382161	0.2860341121536483	0.25383319021306117	4.105934222477527	2.9063129160902625	13.945458471565189	7.319715384086621	4.858406389826697	0.044748317882727706	0.0
Tcells-Day14_CD4_CentralMemory_CD19_rep1-GSM5171852-GSE168880_R2_val_2	60.269184062740365	4.956488752197359	1.8000564790504627	1.1161012441378393	0.8203257121379589	0.6659344384342735	0.5630675260420427	0.5044886838175868	0.4747810342276217	7.489234681947582	3.7001725903746325	11.578155049363023	4.3735684992733646	1.6884412462560474	0.0	0.0
Tcells-Day14_CD4_CentralMemory_CD19_rep2-GSM5171853-GSE168880_R1	56.48696357440647	5.458040730293947	1.8291121133440784	0.997225575630601	0.6353611923250517	0.4387341597295969	0.3511412113868645	0.31979031744005215	0.27068520461528744	4.595505516139645	3.2318660165515807	15.045724886689374	6.721000210847727	3.6188492905998038	0.0	0.0
Tcells-Day14_CD4_CentralMemory_CD19_rep2-GSM5171853-GSE168880_R1_val_1	60.443241468035765	4.919744219425011	1.845802001633982	1.1463507543767486	0.8627571777488404	0.7121384273913371	0.6260863354441941	0.5398598460737415	0.5027586299939881	7.763229809968355	3.8463975871941414	11.788832074395957	3.8160547624243724	1.1867469058937545	0.0	0.0
Tcells-Day14_CD4_CentralMemory_CD19_rep2-GSM5171853-GSE168880_R2	57.72608224031636	5.225311450245078	1.702862872541059	0.8826854749176805	0.6038554889154633	0.4192906050097086	0.36204271772432584	0.3337841844786342	0.2461122398338839	4.441045494740519	3.1891490392206796	15.190411228589257	6.596186798767559	3.081180164699796	0.0	0.0
Tcells-Day14_CD4_CentralMemory_CD19_rep2-GSM5171853-GSE168880_R2_val_2	61.26347597391193	4.812676181650775	1.7678367992901696	1.0791288622938373	0.829368758560412	0.704117612317166	0.6094109638035301	0.5762832415342483	0.477822412607186	7.721810961463631	3.8932230949964906	11.888992356537473	3.314817924692457	1.0610348563407122	0.0	0.0
Tcells-Day14_CD4_CentralMemory_HA_rep1-GSM5171854-GSE168880_R1	66.93752505732479	10.71395280261362	4.209204107556714	2.244302935914405	1.2961317288280751	0.8795931687651621	0.6457022203918152	0.4730206701273559	0.3811090868058104	4.724742027857475	2.694887306069643	4.532801282240519	0.19835584665524353	0.06867175884939823	0.0	0.0
Tcells-Day14_CD4_CentralMemory_HA_rep1-GSM5171854-GSE168880_R1_val_1	74.24821817224732	8.930492438196309	3.187412593907099	1.744814452950687	1.0210236029529216	0.6875452303073941	0.5491623163244648	0.3851893819829462	0.33060650996638397	4.376779595927262	2.0320296542942495	2.4372336112759494	0.06949243966702788	0.0	0.0	0.0
Tcells-Day14_CD4_CentralMemory_HA_rep1-GSM5171854-GSE168880_R2	68.23394036776821	10.213683318021612	4.012144302752132	2.1393631923819956	1.2850808100814062	0.8330902196385971	0.60627712828325	0.4299302938822214	0.3546199711629487	4.615431937583643	2.7237973041203407	4.29269112606466	0.15280806874171288	0.029200664609363273	0.07794129490792621	0.0
Tcells-Day14_CD4_CentralMemory_HA_rep1-GSM5171854-GSE168880_R2_val_2	75.38004700068677	8.564650251720646	2.9802938218337514	1.5877043530854427	0.9840353844167475	0.6707316220685657	0.4974907948662017	0.3664967079242359	0.33120359150761247	4.362475393087898	1.992382472002036	2.215778696445827	0.0442174538541759	0.02249245649992125	0.0	0.0
Tcells-Day14_CD4_CentralMemory_HA_rep2-GSM5171855-GSE168880_R1	63.69095506554594	10.994962626650143	4.605623140979675	2.61797412538112	1.6203062130869805	1.0813812337742692	0.7537215503146667	0.6118066559083913	0.4582119697899144	4.825383512282815	2.6188929812824857	5.5667772281491565	0.46827907412976916	0.025942824236523256	0.059781798488305275	0.0
Tcells-Day14_CD4_CentralMemory_HA_rep2-GSM5171855-GSE168880_R1_val_1	71.38997965525955	9.48921415281264	3.5750986035435894	1.826991701625939	1.2801101653063034	0.849679429043375	0.6648930308525121	0.5009508605236791	0.408862519868491	4.592790574532956	1.9749303764960289	3.295841798421964	0.1506571317131098	0.0	0.0	0.0
Tcells-Day14_CD4_CentralMemory_HA_rep2-GSM5171855-GSE168880_R2	65.21860074231361	10.625767497022826	4.397322047333837	2.459031938614931	1.5391229518206575	1.004158202020435	0.7065459943205828	0.5955225716926359	0.3997761348560798	4.555559087117545	2.6255637909135587	5.358972937970266	0.395110224486832	0.0507385805661474	0.06820729894998762	0.0
Tcells-Day14_CD4_CentralMemory_HA_rep2-GSM5171855-GSE168880_R2_val_2	72.64894207287541	9.090910277079649	3.369265399249513	1.7706933324016298	1.1965823007939889	0.7587718345459565	0.6000915879898158	0.4696838744457318	0.4025629367450355	4.513162004424301	2.018506929461928	3.0115275376591093	0.1302493898758211	0.01905052245215906	0.0	0.0
Tcells-Day14_CD4_Naive_CD19_rep1-GSM5171856-GSE168880_R1	55.88680716705882	10.110527371196595	4.4072871440348305	2.488282037640765	1.5848329125868172	1.1155392559177575	0.7793458680670641	0.6157012230227329	0.47292713450642354	5.227253063342905	3.255106395442849	10.91306202404173	2.371681209361291	0.5894107860107355	0.0	0.18223640776865588
Tcells-Day14_CD4_Naive_CD19_rep1-GSM5171856-GSE168880_R1_val_1	63.27395013049966	8.89108725681985	3.5800311682774018	2.0771987774548863	1.354350129959819	0.9578554232983866	0.7993492973998271	0.5905873343163255	0.4964334656830603	6.446326962374588	3.1779692707162956	7.257902082174718	0.9633095937258912	0.13364910729924212	0.0	0.0
Tcells-Day14_CD4_Naive_CD19_rep1-GSM5171856-GSE168880_R2	57.48602490380147	9.902855869563982	4.121148577036513	2.3646166960109474	1.4824087683432647	1.0239306789621871	0.7533525813644075	0.5362671830358056	0.41737271296467093	4.938517571657101	3.2655873867940852	10.731383542908576	2.3003912262651496	0.47705524181290937	0.0	0.19908705947891173
Tcells-Day14_CD4_Naive_CD19_rep1-GSM5171856-GSE168880_R2_val_2	64.59850639647978	8.560984354989417	3.456199637318312	1.9616786615739628	1.2959366889153234	0.9519179300861371	0.7427609638974215	0.5453908853366652	0.46711430814684074	6.390702794539732	3.0712579018541724	7.041961762857708	0.7807128300549385	0.13487488394964034	0.0	0.0
Tcells-Day14_CD4_Naive_CD19_rep2-GSM5171857-GSE168880_R1	54.72689862389737	10.56499244917391	4.527798725389956	2.6199758993425415	1.7088132015840203	1.1461039061033869	0.8461196664650384	0.6734776594342218	0.5558708916770582	5.298519707511136	2.857933594576366	10.605915977631811	2.930801796115298	0.7571261938070986	0.0	0.17965170729075663
Tcells-Day14_CD4_Naive_CD19_rep2-GSM5171857-GSE168880_R1_val_1	62.48653553325922	9.288706117337602	3.7268060357953687	2.1024936348893117	1.3871497593788562	1.015069187231398	0.7762833932909696	0.6346560816561788	0.5368023908286051	6.330233952183126	2.9158444648807293	7.354842706318385	1.2472460985564708	0.1973306443937609	0.0	0.0
Tcells-Day14_CD4_Naive_CD19_rep2-GSM5171857-GSE168880_R2	56.424110084178736	10.033041167717483	4.255839056877377	2.526739482252025	1.5903298532215955	1.1198956736146615	0.8184728689782822	0.6293087801748731	0.489689942864257	5.072680177043623	2.9523696556692065	10.579527755726621	2.5689267238071043	0.7410504464766589	0.0	0.1980183313973508
Tcells-Day14_CD4_Naive_CD19_rep2-GSM5171857-GSE168880_R2_val_2	63.84154575028802	8.85013365228353	3.521200884053806	2.0040721630715614	1.3377897954761873	0.9107808030825568	0.7884135554646692	0.5924109983048433	0.5056007715163168	6.367479384859805	2.8260431532977566	7.2326349686350575	1.0100181216277526	0.21187599803795995	0.0	0.0
Tcells-Day14_CD4_Naive_HA_rep1-GSM5171858-GSE168880_R1	66.89494723484083	9.58989531127127	3.6130796432894448	1.893422081122301	1.113388437210831	0.7386824993012145	0.5280944857426408	0.3886292824597942	0.31678584293790685	4.262612738760459	2.762749874002225	6.992193547224305	0.7810129798025949	0.052760222911043535	0.07174581912306167	0.0
Tcells-Day14_CD4_Naive_HA_rep1-GSM5171858-GSE168880_R1_val_1	73.52841487894088	8.052673206421206	2.786648205151847	1.508703626603643	0.8805610220782335	0.6455988926038794	0.5147599231152832	0.38125083847234126	0.30329038729198826	4.526434894100566	2.3156675324519136	4.2624325959165335	0.2809023870493445	0.012661609802301315	0.0	0.0
Tcells-Day14_CD4_Naive_HA_rep1-GSM5171858-GSE168880_R2	68.15935988814076	9.29351116868168	3.4614706390101357	1.6980945504220892	1.0656787418440397	0.6578981596670663	0.48977687411728915	0.3604032720316138	0.29994506827819567	4.118077013450893	2.7840508083484012	6.796357339218813	0.6563009175692627	0.07978108700111369	0.07929447221875045	0.0
Tcells-Day14_CD4_Naive_HA_rep1-GSM5171858-GSE168880_R2_val_2	74.39715030927427	7.8436369307584535	2.6814377461575285	1.348177165878055	0.8304756286787445	0.6282398394630943	0.46020931199118686	0.3670631214891839	0.2737398955644298	4.589353037818014	2.287121266509798	4.045640578032668	0.20136041992652168	0.04639474845797014	0.0	0.0
Tcells-Day14_CD4_Naive_HA_rep2-GSM5171859-GSE168880_R1	67.11389213158647	9.63778401635434	3.4797368865403153	1.8567834451420036	1.0997775566903418	0.7673583260748057	0.48753138276494706	0.40517629369978425	0.30510767955603685	4.122183559233173	2.823544203286208	7.005813264322826	0.7842564703265456	0.11105478442223204	0.0	0.0
Tcells-Day14_CD4_Naive_HA_rep2-GSM5171859-GSE168880_R1_val_1	73.35347084042418	8.16917941843915	2.7476467082929776	1.4711150712325616	0.927654951328948	0.6903360536053739	0.4628260783156266	0.37600592723871457	0.3302141167717214	4.46207831314028	2.329407307715815	4.355699198645368	0.31168096932724526	0.012685045521994903	0.0	0.0
Tcells-Day14_CD4_Naive_HA_rep2-GSM5171859-GSE168880_R2	68.20371701454359	9.356889957989061	3.4512004830974496	1.7320391935096446	1.016891849140992	0.7435441361978252	0.5053424099200258	0.3410084482301466	0.28338095043664846	3.9345315262848657	2.826378123469778	6.821428275453312	0.6644026681142449	0.05065741986927864	0.06858754374308611	0.0
Tcells-Day14_CD4_Naive_HA_rep2-GSM5171859-GSE168880_R2_val_2	74.36124010352094	7.895726712530567	2.6878455167300674	1.404193400922599	0.8498513198731827	0.6616899330364033	0.47904406574668923	0.3320544087588907	0.32106918871129275	4.366273529528613	2.2876254999600927	4.123127854681071	0.2001080410362008	0.030150424963442203	0.0	0.0
Tcells-Day14_CD8_CentralMemory_CD19_rep1-GSM5171860-GSE168880_R1	57.235836017367205	9.19236024819666	3.7350011003385077	2.089385542826498	1.3110685268879274	0.9631331306694373	0.6507561442980079	0.4864966358721861	0.44291166318620057	4.755810973870361	2.996824151945522	11.409806254744954	3.504321473197611	1.2262881365991827	0.0	0.0
Tcells-Day14_CD8_CentralMemory_CD19_rep1-GSM5171860-GSE168880_R1_val_1	63.9495094443389	7.9233348428853905	3.084209125891157	1.7867673133528106	1.1638871786302805	0.9180362771736519	0.6761318241549731	0.5751641520018406	0.48934289317491286	6.328320326448797	3.1312908083074644	8.099061827595545	1.5729300811601101	0.30201390488417107	0.0	0.0
Tcells-Day14_CD8_CentralMemory_CD19_rep1-GSM5171860-GSE168880_R2	58.85283962066287	8.71376049454074	3.6894538377400288	1.9717341487510007	1.252457633885122	0.8635380979842413	0.6354415833251575	0.5463758438707943	0.36504171982823574	4.5112242545291785	2.910846875044752	11.347832870419277	3.376756864987078	0.9626961544316399	0.0	0.0
Tcells-Day14_CD8_CentralMemory_CD19_rep1-GSM5171860-GSE168880_R2_val_2	65.32143323608028	7.569793647936575	2.967114424335273	1.648582956582614	1.123406974833087	0.86287232746347	0.7125894960841497	0.5301141072722843	0.42057606325035973	6.365806039483318	2.9978612889332354	7.8803065724820165	1.3438494807678065	0.25569338449539863	0.0	0.0
Tcells-Day14_CD8_CentralMemory_CD19_rep2-GSM5171861-GSE168880_R1	59.48546328195668	8.886778757427717	3.559866139906729	1.895367770930387	1.1516200930856892	0.7549182362992736	0.6068739226165472	0.438198628012091	0.34174863475192496	5.058966870168748	3.641643934631669	11.42414319173826	2.2867271862522554	0.4676833522221017	0.0	0.0
Tcells-Day14_CD8_CentralMemory_CD19_rep2-GSM5171861-GSE168880_R1_val_1	65.9968625190179	7.678926578899111	2.9584118703068687	1.6601677570640565	1.094395586824049	0.8655296534020288	0.6600876738420477	0.536526546903024	0.4665346082770504	6.511506895787276	3.3921896661068187	7.273405839260029	0.7780928047088126	0.12736199960096942	0.0	0.0
Tcells-Day14_CD8_CentralMemory_CD19_rep2-GSM5171861-GSE168880_R2	60.68112284891662	8.583274718459274	3.4063712715481205	1.82645305835329	1.1245055596716511	0.7538124992593819	0.5501910757655131	0.4033086159851685	0.3636531855206334	4.9134300844162935	3.5706408198568496	11.342025675873197	2.1596825174492107	0.3215280689249491	0.0	0.0
Tcells-Day14_CD8_CentralMemory_CD19_rep2-GSM5171861-GSE168880_R2_val_2	66.92252675450102	7.36351887277891	2.848114234608937	1.5736294979560188	1.0923884392719114	0.807331043227092	0.6343821968460045	0.5644086090928545	0.4563323050780688	6.519056561784907	3.3496701031212064	7.112988605367135	0.6695681193426928	0.08608465702322331	0.0	0.0
Tcells-Day14_CD8_CentralMemory_HA_rep1-GSM5171862-GSE168880_R1	64.15216766937868	10.449163439489075	4.092806526052155	2.2017262028808466	1.361992864922528	0.8441534126694175	0.6043701437381764	0.44599005067888464	0.4048466026843423	4.74532468019447	2.9791941063701968	6.977404667920002	0.6874437605044914	0.05341587251667835	0.0	0.0
Tcells-Day14_CD8_CentralMemory_HA_rep1-GSM5171862-GSE168880_R1_val_1	71.3681933451315	8.754034056816625	3.1807386037289285	1.719094852396593	1.1346723739755598	0.8146251506817711	0.5790149619622803	0.4825520139921488	0.3989483447782699	5.208267821240894	2.430645391920401	3.7277191175851256	0.18920003703831229	0.012293928751573605	0.0	0.0
Tcells-Day14_CD8_CentralMemory_HA_rep1-GSM5171862-GSE168880_R2	65.46720954537228	10.105334222902108	3.95245421690984	2.051648579416275	1.254591170138216	0.8308726218236261	0.6136024464645424	0.44707619069138327	0.37543311439498095	4.4750272107926445	2.947279924467068	6.779521265986152	0.6460887589696253	0.05386073167129204	0.0	0.0
Tcells-Day14_CD8_CentralMemory_HA_rep1-GSM5171862-GSE168880_R2_val_2	72.4867637885429	8.418093666085488	3.1080798347850545	1.6407032678117723	1.047563069976973	0.7123659194319143	0.5962182159496873	0.45850512196356047	0.3836450908732788	5.067252096728782	2.3825707266533653	3.5286352462989785	0.13671423534845684	0.03288971954976661	0.0	0.0
Tcells-Day14_CD8_CentralMemory_HA_rep2-GSM5171863-GSE168880_R1	62.60328731851879	10.694299259369219	4.5199061334132695	2.4464836042266507	1.523186388293815	1.0375329454876578	0.7470823474449795	0.5561971014577876	0.46269446044145074	5.006982813378654	2.6891549102077588	6.829391838171597	0.8224944433550808	0.06130643623316502	0.0	0.0
Tcells-Day14_CD8_CentralMemory_HA_rep2-GSM5171863-GSE168880_R1_val_1	70.86475683771542	9.05880522673283	3.3668057453753812	1.8146743090658537	1.2076759782372526	0.8788832265342081	0.6488937519027115	0.5123882780084642	0.4387472266134755	5.276805155939117	2.221806684329383	3.5055724021491255	0.2041851773966628	0.0	0.0	0.0
Tcells-Day14_CD8_CentralMemory_HA_rep2-GSM5171863-GSE168880_R2	64.0879250580333	10.387374629537183	4.233820219251315	2.261197778697611	1.4490019839044235	0.9797994342761358	0.7152789706688752	0.5363145021129323	0.4120806978469841	4.805538721001922	2.707375880254057	6.672233796095011	0.6794537619365789	0.07260456638361441	0.0	0.0
Tcells-Day14_CD8_CentralMemory_HA_rep2-GSM5171863-GSE168880_R2_val_2	72.03313967876001	8.8038364063371	3.101537699278462	1.697707199334016	1.2268665990212815	0.8141919847620773	0.6242523190663253	0.48732616453484745	0.4143986904412951	5.1120732496163654	2.1948187188026256	3.3118581519255295	0.14653393575733376	0.03145920236262044	0.0	0.0
Tcells-Day14_CD8_Naive_CD19_rep1-GSM5171864-GSE168880_R1	60.01693590563578	11.047415309857115	4.4891137699780845	2.539335320922791	1.597832429076813	1.0411523395362834	0.7720330204196448	0.5931100996451437	0.46284213502496363	5.305770828531453	3.1362240696287924	8.023109672659313	0.8627498376342179	0.11237526144965083	0.0	0.0
Tcells-Day14_CD8_Naive_CD19_rep1-GSM5171864-GSE168880_R1_val_1	67.81563318278262	9.439012532062186	3.6268500342509156	2.0151056855754557	1.3202350121271593	0.8635559133233283	0.7382724799693835	0.5613786851718957	0.43104087731365315	5.7778025924492145	2.6054075119531217	4.534571038194568	0.2564667924735892	0.014667662352863608	0.0	0.0
Tcells-Day14_CD8_Naive_CD19_rep1-GSM5171864-GSE168880_R2	61.417988668552326	10.654231646893003	4.405109752289422	2.2510030142854975	1.5562855777623246	1.0051870830473544	0.6852077793251993	0.5513729704056571	0.4592433915357923	5.171004285085913	3.2145313508437816	7.733925851969076	0.7416825021252821	0.0810338201996899	0.07219230567963777	0.0
Tcells-Day14_CD8_Naive_CD19_rep1-GSM5171864-GSE168880_R2_val_2	68.86430457116718	9.217612940282478	3.4595956097525455	1.882823414392186	1.2905488338490863	0.8343486591838036	0.708484547943278	0.5508439276778421	0.45323527778000977	5.649406137614666	2.6261725744852322	4.213307487754622	0.20583476256609848	0.04348125555095846	0.0	0.0
Tcells-Day14_CD8_Naive_CD19_rep2-GSM5171865-GSE168880_R1	58.723660488015064	11.115512726279167	4.860096907655807	2.6954172279763626	1.7097909281560821	1.1900277534854218	0.8392505500969625	0.675300776527498	0.4859785996320556	5.353726181024573	3.1611303660472787	8.005085822675372	1.0355350498518923	0.08305630371997698	0.06643031885654534	0.0
Tcells-Day14_CD8_Naive_CD19_rep2-GSM5171865-GSE168880_R1_val_1	66.74118474640355	9.700432412798191	3.8301094027286195	2.1169189173546186	1.411454941794466	0.9813677108983988	0.6952798831025022	0.6096041464511489	0.4838670760758358	5.660538052657009	2.696037558240517	4.701988679847705	0.357290268584997	0.013926203062334698	0.0	0.0
Tcells-Day14_CD8_Naive_CD19_rep2-GSM5171865-GSE168880_R2	60.46863368085196	10.774505733139984	4.621663729036565	2.5742740401186825	1.5260530190322508	1.1000096022967139	0.7283503996704261	0.6428545765811259	0.4826712439283198	4.973316604219833	3.1400405297996934	7.866146473295251	0.935561266392256	0.09185332428190567	0.07406577735508157	0.0
Tcells-Day14_CD8_Naive_CD19_rep2-GSM5171865-GSE168880_R2_val_2	68.21351882366747	9.270921446571318	3.5514558486674472	2.0090692597163216	1.2747070306573216	0.942639435100761	0.6979992575875109	0.5375760272144829	0.44504453547332723	5.590904473208615	2.6351285345314666	4.491996098318124	0.28485295296097285	0.054186276324850395	0.0	0.0
Tcells-Day14_CD8_Naive_HA_rep1-GSM5171866-GSE168880_R1	65.53985750498879	11.504786134465158	4.807242571878758	2.6459891057730585	1.6203895762819727	1.1291883852854299	0.7715073926558915	0.5998931777113231	0.4550904095616318	5.059470677212433	2.4239346768843824	3.3159734877999987	0.07424580731139806	0.05243109218967816	0.0	0.0
Tcells-Day14_CD8_Naive_HA_rep1-GSM5171866-GSE168880_R1_val_1	73.8114528069069	9.768374337173222	3.539059969163051	1.867672681371593	1.2009848551972477	0.8215407872232189	0.5963308745000264	0.47653995386400433	0.36318670739399517	4.3289706335649365	1.6934931707827556	1.5160783762984091	0.016314846560583476	0.0	0.0	0.0
Tcells-Day14_CD8_Naive_HA_rep1-GSM5171866-GSE168880_R2	66.91464372408647	11.17184941255538	4.689333677824778	2.4903666470263643	1.5853263568338105	1.002560500425601	0.7205222438881743	0.5149305401591383	0.4201264517249955	4.725220809326474	2.4802049465550926	3.1502284488640697	0.034922425917032394	0.09976381481254695	0.0	0.0
Tcells-Day14_CD8_Naive_HA_rep1-GSM5171866-GSE168880_R2_val_2	74.857143220848	9.50754960834438	3.499674567841846	1.7975300002569923	1.0780210329338407	0.7811751981480869	0.5308241059212221	0.41550235597760327	0.35747663523966	4.169458107538677	1.596003401122315	1.3619554951572144	0.00895316000519568	0.03873311066498164	0.0	0.0
Tcells-Day14_CD8_Naive_HA_rep2-GSM5171867-GSE168880_R1	66.87180361460669	11.882852583889465	4.6134960391529525	2.500441767159447	1.5352778326397227	1.0193853320385131	0.7451603614448739	0.5507862612173625	0.4116350330913701	4.944432717831035	2.316920002657117	2.5506098663022234	0.009769145441000373	0.047429442528217625	0.0	0.0
Tcells-Day14_CD8_Naive_HA_rep2-GSM5171867-GSE168880_R1_val_1	75.15680568943573	9.759035407070177	3.496507504369296	1.8079476008506314	1.1029043906777118	0.6925011482919307	0.5678358913221215	0.4358687112356783	0.3141996910536824	4.0541707630968675	1.522938672610169	1.0892845299859353	0.0	0.0	0.0	0.0
Tcells-Day14_CD8_Naive_HA_rep2-GSM5171867-GSE168880_R2	68.28019190937182	11.181048661576886	4.616179798363306	2.366364026222568	1.3904865686597319	0.9848479574009831	0.6977416063434299	0.47818501146959747	0.38755363311823143	4.856801898882647	2.3227543151559225	2.340685133884255	0.01801271250095356	0.07914676704964443	0.0	0.0
Tcells-Day14_CD8_Naive_HA_rep2-GSM5171867-GSE168880_R2_val_2	76.12134488571374	9.349504773693194	3.330156884362434	1.7005143787720396	1.0221164100538092	0.6901165625722544	0.4984825157125151	0.44455932905735523	0.3186591236301291	4.087419388337989	1.4428415590902588	0.9624496113573525	0.008161878436555392	0.02367269921040767	0.0	0.0
Tcells-Day7_CD4_CentralMemory_CD19_rep1-GSM5171836-GSE168880_R1	82.42361369737395	7.892026165380061	2.3813989525216335	1.188239852027122	0.718319301167261	0.5040111384682332	0.3618753303823524	0.25712746885609367	0.20018757008980628	2.9166080603424103	0.8496285814329239	0.28470092359516425	0.0	0.022262958362902895	0.0	0.0
Tcells-Day7_CD4_CentralMemory_CD19_rep1-GSM5171836-GSE168880_R1_val_1	87.10419390885764	6.42118489282513	1.6949381645153139	0.7918121943425276	0.534576592533225	0.34342359191457816	0.2502726051513952	0.19973579750458217	0.1631974876008511	1.9908640466315293	0.4319682710418468	0.07383244708151898	0.0	0.0	0.0	0.0
Tcells-Day7_CD4_CentralMemory_CD19_rep1-GSM5171836-GSE168880_R2	83.58870758695274	7.330760473944313	2.2066808030891902	1.0864750450640528	0.6063277048427533	0.426002948479993	0.3381516594985761	0.2875402465886543	0.19182257903435812	2.809421492681665	0.8475026933513662	0.23697653328757173	0.0	0.043630233184777344	0.0	0.0
Tcells-Day7_CD4_CentralMemory_CD19_rep1-GSM5171836-GSE168880_R2_val_2	88.16567726570379	5.79811531760529	1.5391723493546912	0.7565284896117581	0.4578210420833969	0.32701119526650624	0.24202955524735287	0.17983393249560978	0.149478934018592	1.9570041294328193	0.326492253296176	0.08582337373081991	0.015012162153317628	0.0	0.0	0.0
Tcells-Day7_CD4_CentralMemory_CD19_rep2-GSM5171837-GSE168880_R1	82.12166687979008	8.229545345775115	2.5198324731824795	1.226776141629275	0.7757879108086535	0.47984563657770946	0.32453990296398194	0.2885161473907196	0.23693214231633153	2.8915333461158013	0.7052956768229219	0.17499653996732195	0.0	0.02473185665956002	0.0	0.0
Tcells-Day7_CD4_CentralMemory_CD19_rep2-GSM5171837-GSE168880_R1_val_1	87.1136683294884	6.456349339751913	1.7443573338994274	0.9006402830071601	0.556478873268792	0.32446600793908964	0.23297795581248051	0.1969743162107056	0.17952639105192617	1.9630812974678293	0.27915169770890474	0.05232817439343222	0.0	0.0	0.0	0.0
Tcells-Day7_CD4_CentralMemory_CD19_rep2-GSM5171837-GSE168880_R2	83.14184878324441	7.849994138421989	2.3583560101997088	1.119835232573508	0.6921721650269046	0.4614990489673465	0.3038381518273382	0.23915326409823845	0.22429615388825097	2.785948774007861	0.6300878037728513	0.13975403269402878	0.0	0.05321644127750215	0.0	0.0
Tcells-Day7_CD4_CentralMemory_CD19_rep2-GSM5171837-GSE168880_R2_val_2	88.07821359998071	6.086432387851268	1.6351287965541903	0.8245769624666953	0.4475207778117337	0.32362142609140326	0.23101520080530988	0.180133875724568	0.17000425517823956	1.7326831296630207	0.24277523350250152	0.028432211189183248	0.0	0.019462143181157302	0.0	0.0
Tcells-Day7_CD4_CentralMemory_HA_rep1-GSM5171838-GSE168880_R1	80.33213550850226	8.196304146943346	2.466463526374813	1.1565325638397395	0.636231529762103	0.430031825420653	0.3604453783979495	0.25230192554933545	0.2334274845792138	3.5992324504126	1.42869439462944	0.8837904168938229	0.0	0.024408848694690607	0.0	0.0
Tcells-Day7_CD4_CentralMemory_HA_rep1-GSM5171838-GSE168880_R1_val_1	85.34246876238863	6.622550576312392	1.8541712904485073	0.841499943004354	0.4927198189894259	0.39165485796124533	0.30343078108817284	0.22943924100162022	0.18906596289311656	2.687864505585165	0.7590014612145515	0.28613279911283246	0.0	0.0	0.0	0.0
Tcells-Day7_CD4_CentralMemory_HA_rep1-GSM5171838-GSE168880_R2	81.45741698303873	7.720065691217358	2.255235806318874	1.0157583814117743	0.6144821829751473	0.4099573336248094	0.31746262864439134	0.2701797735792799	0.20638270355705776	3.55293224378673	1.3419800740267827	0.7864917979051758	0.0	0.051654399913864196	0.0	0.0
Tcells-Day7_CD4_CentralMemory_HA_rep1-GSM5171838-GSE168880_R2_val_2	86.2234565329056	6.149349191204148	1.7146357670858474	0.7883300438939052	0.48693246154279857	0.34654984940546824	0.28284594087565684	0.22855045960828319	0.19765223165681026	2.6528325035095675	0.6775791108393147	0.23206028368287318	0.0	0.019225623789627604	0.0	0.0
Tcells-Day7_CD4_CentralMemory_HA_rep2-GSM5171839-GSE168880_R1	81.40821697268649	7.9671279369235	2.286995012235503	1.0659387656017671	0.6060976310970266	0.3946542658534814	0.3413023681853891	0.25533168448578186	0.19840772379299665	3.6365099680033097	1.287277464573366	0.5413654940933461	0.010774712468103595	0.0	0.0	0.0
Tcells-Day7_CD4_CentralMemory_HA_rep2-GSM5171839-GSE168880_R1_val_1	86.0601160441623	6.45718488956485	1.6468009238513381	0.8366840275246019	0.4816671651840394	0.36897581955240716	0.2739453445101183	0.22681749926398703	0.20869991460434945	2.696312071032424	0.5830484240472337	0.1597478767022476	0.0	0.0	0.0	0.0
Tcells-Day7_CD4_CentralMemory_HA_rep2-GSM5171839-GSE168880_R2	82.3874151746042	7.521220587643099	2.1495457331407857	0.9817838293424012	0.540156884054002	0.3856461902685042	0.2977983455931299	0.25234337186931743	0.201717829397999	3.55406438643871	1.1780218453838798	0.5020258364618413	0.0	0.048259985802184886	0.0	0.0
Tcells-Day7_CD4_CentralMemory_HA_rep2-GSM5171839-GSE168880_R2_val_2	86.87776789765095	6.03105163856656	1.630832850015854	0.7342774110481931	0.4912723674837979	0.33178478746791107	0.247870682565038	0.2556013388347151	0.20669114247290962	2.503205803795487	0.5288787868889623	0.13958262927856277	0.0	0.021182663931051064	0.0	0.0
Tcells-Day7_CD4_Naive_CD19_rep1-GSM5171840-GSE168880_R1	87.17391213409232	6.816225592863969	1.817907049074439	0.8384757042599965	0.5235056859501019	0.3339137749096188	0.2582498922702765	0.20555707551398336	0.18279772319721968	1.6623228841771462	0.14294568339974734	0.01931013500623974	0.0	0.024876665284927723	0.0	0.0
Tcells-Day7_CD4_Naive_CD19_rep1-GSM5171840-GSE168880_R1_val_1	90.9848606851942	5.338408475792431	1.1673345251679945	0.5195322737715251	0.34237765181764096	0.2079723131271705	0.1876836562946228	0.1332083859323348	0.12045276166951618	0.9532074976309248	0.044961773601581316	0.0	0.0	0.0	0.0	0.0
Tcells-Day7_CD4_Naive_CD19_rep1-GSM5171840-GSE168880_R2	88.01222910809817	6.406052823699179	1.6692156905026432	0.7517697098031111	0.4319618263814699	0.28309186628054267	0.24464660459710286	0.19922033068424175	0.17534534564342183	1.6390163796682813	0.11761814873825922	0.011879814215962544	0.0	0.05795235168757263	0.0	0.0
Tcells-Day7_CD4_Naive_CD19_rep1-GSM5171840-GSE168880_R2_val_2	91.72505404364074	4.92810299607723	1.0567877024379804	0.46532616487298406	0.26193621489474683	0.18925121834960307	0.14259404279872834	0.11100349811094944	0.10659135301271298	0.9604287614399576	0.027089924433351346	0.004285485521766967	0.0	0.02154859440922631	0.0	0.0
Tcells-Day7_CD4_Naive_CD19_rep2-GSM5171841-GSE168880_R1	86.9635043009642	6.742958107858802	1.8300064633291382	0.884779911134077	0.5271868410367437	0.39886854003155364	0.26633073237543115	0.2105781666666114	0.17831384423651678	1.8016073508351944	0.1471448473708381	0.017433219011631584	0.0	0.031287675149248705	0.0	0.0
Tcells-Day7_CD4_Naive_CD19_rep2-GSM5171841-GSE168880_R1_val_1	90.81393391980326	5.200188061020743	1.205155841565151	0.5947837910304284	0.32148115486519535	0.2514033613293912	0.16548460334274892	0.14466246853385378	0.13519599659145543	1.117235278873173	0.04360237415536482	0.006873148889258934	0.0	0.0	0.0	0.0
Tcells-Day7_CD4_Naive_CD19_rep2-GSM5171841-GSE168880_R2	87.80131020797663	6.299743654220426	1.7218152896323575	0.8144339504829391	0.49326206641100095	0.32426376609690766	0.24856436185327124	0.20109131214422113	0.1581373527493373	1.7019335545821697	0.1634124669178561	0.013328583352484498	0.0	0.05870343358047417	0.0	0.0
Tcells-Day7_CD4_Naive_CD19_rep2-GSM5171841-GSE168880_R2_val_2	91.48780666026852	4.837846946639165	1.0745222437141875	0.5294346410826206	0.30914833310660905	0.24831138255507218	0.17492757863696318	0.12144307518497975	0.12136763426940979	1.0320753893792542	0.04270952154009694	0.0	0.0	0.02040659362312898	0.0	0.0
Tcells-Day7_CD4_Naive_HA_rep1-GSM5171842-GSE168880_R1	80.80380249634507	8.197751858521151	2.4228470611379094	1.081110315998789	0.7010737152381382	0.4584845937790724	0.3498745772561045	0.2553113504552313	0.21444456073190007	3.4451901366290567	1.284653830487022	0.7539237314831115	0.0	0.031531771937457986	0.0	0.0
Tcells-Day7_CD4_Naive_HA_rep1-GSM5171842-GSE168880_R1_val_1	85.81745823128423	6.623429070592815	1.7631770642098274	0.8321267916071526	0.46807169888152006	0.37172355104354815	0.24939155253854367	0.2426773094647536	0.18576944278722252	2.5561758981023317	0.6659601692430017	0.22403922024508346	0.0	0.0	0.0	0.0
Tcells-Day7_CD4_Naive_HA_rep1-GSM5171842-GSE168880_R2	81.78364343552259	7.778386380447796	2.2586416691059137	1.0576470166692848	0.653973822452121	0.39262794438405035	0.2988881401744679	0.22866771276783587	0.1927902084524657	3.363585256074566	1.306425947297176	0.627657803858047	0.0	0.05706466279367478	0.0	0.0
Tcells-Day7_CD4_Naive_HA_rep1-GSM5171842-GSE168880_R2_val_2	86.70340363017766	6.215879154921713	1.6372958001739606	0.778868084638918	0.45096004384045063	0.30221188797281884	0.23711912858871842	0.204384634796368	0.15765083118902018	2.4875348817965968	0.6309246130561696	0.1784494924375368	0.0	0.015317816410035816	0.0	0.0
Tcells-Day7_CD4_Naive_HA_rep2-GSM5171843-GSE168880_R1	82.6495681314231	7.567488258396985	2.1096929052179005	1.0497533006233877	0.5795340006297668	0.39836734195651846	0.3146308694300198	0.25872927420018704	0.24186791900995364	3.4766673458959207	1.0106164111451548	0.3266046324854954	0.0	0.016479609585591942	0.0	0.0
Tcells-Day7_CD4_Naive_HA_rep2-GSM5171843-GSE168880_R1_val_1	87.25961954344231	6.045292756145644	1.5329974999435065	0.7503737354349702	0.4305109938398553	0.3068989405246569	0.24062746484891148	0.21316398127512642	0.19794031479656166	2.4858704421437094	0.434575582160819	0.10212874544392012	0.0	0.0	0.0	0.0
Tcells-Day7_CD4_Naive_HA_rep2-GSM5171843-GSE168880_R2	83.4798212050093	7.211375827656161	2.090700374874275	0.8956029476663421	0.5135690276196003	0.3584847227788868	0.2919857890440535	0.25883447053308384	0.19356932190501092	3.4348189060380117	0.9359917317471534	0.27700785315703436	0.0	0.058237821971147324	0.0	0.0
Tcells-Day7_CD4_Naive_HA_rep2-GSM5171843-GSE168880_R2_val_2	87.96216310825	5.7166364342721625	1.4640277351331348	0.6265885146288651	0.41017751007033454	0.2956503053673279	0.2511424339197957	0.19853904634306502	0.1927200509258947	2.3885139230321992	0.3951106004708944	0.07982871834492479	0.0	0.018901619241412725	0.0	0.0
Tcells-Day7_CD8_CentralMemory_CD19_rep1-GSM5171844-GSE168880_R1	90.35056993085962	4.959732470230965	0.9834513711488486	0.47709277092942315	0.32564854959835604	0.24948479622622344	0.21185355074533863	0.18410484594816665	0.1686879735312436	1.8424382208671986	0.21795453823974256	0.028980981674851053	0.0	0.0	0.0	0.0
Tcells-Day7_CD8_CentralMemory_CD19_rep1-GSM5171844-GSE168880_R1_val_1	92.94771581365954	4.060448517734125	0.7463162561999704	0.31831367078509265	0.24782433861903594	0.20837100863950572	0.16599986720777796	0.12384419647747749	0.09270676354996432	1.0170281327519333	0.0600893929841053	0.011342041391511593	0.0	0.0	0.0	0.0
Tcells-Day7_CD8_CentralMemory_CD19_rep1-GSM5171844-GSE168880_R2	90.93385674173263	4.611891385342821	0.90547199516292	0.4750818646910589	0.315328474873754	0.22861584032718507	0.1907768210574739	0.18942523933000946	0.13860035613280228	1.7765875130666358	0.19317429081960746	0.01586785310826726	0.0	0.025321624354731048	0.0	0.0
Tcells-Day7_CD8_CentralMemory_CD19_rep1-GSM5171844-GSE168880_R2_val_2	93.4362673629668	3.74160635438522	0.6477351679176301	0.36659594200394846	0.22813359748755624	0.13926791744463257	0.13428322962779404	0.14626586654634235	0.09917457891205736	0.9978022374520451	0.042085627013025075	0.0023976424061498153	0.018384475836869047	0.0	0.0	0.0
Tcells-Day7_CD8_CentralMemory_CD19_rep2-GSM5171845-GSE168880_R1	90.02919156239983	5.163287034536106	1.080471306225525	0.48133743040770993	0.3258992039345663	0.2653942246186294	0.2079500990180553	0.1526112936221562	0.1475778224712262	1.8402207155854313	0.26830715711879144	0.037752150062070486	0.0	0.0	0.0	0.0
Tcells-Day7_CD8_CentralMemory_CD19_rep2-GSM5171845-GSE168880_R1_val_1	92.87028946052517	4.117314890584813	0.7149477438858074	0.3802647923675988	0.2224070857153094	0.17017004081948806	0.15382293130404687	0.13077762921325364	0.10622116496669981	1.0425514863758958	0.07921860017427398	0.012014174067635124	0.0	0.0	0.0	0.0
Tcells-Day7_CD8_CentralMemory_CD19_rep2-GSM5171845-GSE168880_R2	90.64788797856458	4.806836288139961	0.9518039443702448	0.42509605847398674	0.3062752576019	0.2497560637295186	0.18272206841216282	0.16742619971641695	0.1304482831490915	1.8021787480973315	0.27791266622314803	0.023756773028236058	0.0	0.02789967049338442	0.0	0.0
Tcells-Day7_CD8_CentralMemory_CD19_rep2-GSM5171845-GSE168880_R2_val_2	93.29657524975083	3.8104247123303887	0.6641646793915461	0.3515600352209567	0.21722981452161583	0.17747256372101233	0.13906755138690538	0.1148239863357881	0.10299698260402214	1.0262834250782522	0.07572544818542205	0.0023552537120650877	0.0	0.021320297761250502	0.0	0.0
Tcells-Day7_CD8_CentralMemory_HA_rep1-GSM5171846-GSE168880_R1	79.13192212709028	8.769903475551239	2.5690978546659204	1.1604842813331584	0.7023469358153441	0.42543123903065794	0.3208775432080912	0.2633298940742244	0.22155131828827807	4.112773251040689	1.5184703744005223	0.8038117055015155	0.0	0.0	0.0	0.0
Tcells-Day7_CD8_CentralMemory_HA_rep1-GSM5171846-GSE168880_R1_val_1	84.46721916571501	7.123882592641011	1.9083908981463713	0.8666875268597521	0.5651154031267731	0.36159714420335237	0.27624578186246096	0.23973747523282435	0.2226689245571593	3.067867402847333	0.6624702265708499	0.23811745823708233	0.0	0.0	0.0	0.0
Tcells-Day7_CD8_CentralMemory_HA_rep1-GSM5171846-GSE168880_R2	80.21480849720794	8.360689191966362	2.424731581653776	1.0623942423514703	0.6464461937352274	0.4167381039090008	0.30683226054350965	0.26881691424496457	0.22598156756088258	3.941906115148274	1.3832513205502468	0.7108918163546467	0.0	0.03651219477376055	0.0	0.0
Tcells-Day7_CD8_CentralMemory_HA_rep1-GSM5171846-GSE168880_R2_val_2	85.33911590310815	6.7398062242024865	1.7578179065628283	0.8480234841142141	0.5532351868063323	0.3422566114139403	0.27539190939879665	0.23989579494299892	0.21964567137507737	2.8754681954988976	0.6196406484720897	0.16080321405481843	0.0	0.028899250049399288	0.0	0.0
Tcells-Day7_CD8_CentralMemory_HA_rep2-GSM5171847-GSE168880_R1	77.94896053232418	8.997927785260545	2.7805982465556456	1.3504296231488488	0.794996798582047	0.4790411039044295	0.38335106050088896	0.2625623311020632	0.241639103864661	3.9617782861325876	1.6371552542371	1.1615598743869966	0.0	0.0	0.0	0.0
Tcells-Day7_CD8_CentralMemory_HA_rep2-GSM5171847-GSE168880_R1_val_1	83.41286777748913	7.359394355795098	2.0952976944301467	0.9972064310517453	0.5811079947798249	0.3874873851251311	0.3397026195676288	0.2901593934703048	0.2346400209570429	3.0908276086064936	0.8454787420635832	0.3658299766638745	0.0	0.0	0.0	0.0
Tcells-Day7_CD8_CentralMemory_HA_rep2-GSM5171847-GSE168880_R2	79.24741309078493	8.56278292393851	2.6019883316792796	1.1707510764218771	0.6859613743173557	0.4348780375486748	0.3305608748934737	0.25975681652655686	0.2294396319279983	3.854553596176069	1.5708638548063814	1.0222717391598093	0.0	0.028778651819017568	0.0	0.0
Tcells-Day7_CD8_CentralMemory_HA_rep2-GSM5171847-GSE168880_R2_val_2	84.52190453640634	6.958417117156121	1.858969117616512	0.8857074622609926	0.5458813053393438	0.3426252478585006	0.2944756920615841	0.2685024323600744	0.20020644135404989	3.0561647271061974	0.7445305117821316	0.30052487841945363	0.0	0.02209053027868734	0.0	0.0
Tcells-Day7_CD8_Naive_CD19_rep1-GSM5171848-GSE168880_R1	88.46801438877513	6.192640241627189	1.4117946923392128	0.7272082238678838	0.43840695166153193	0.28162408302107267	0.22336321008272433	0.18518467649276496	0.13380941145152028	1.688093858389996	0.21550328624179985	0.023327332416267672	0.011029643632841453	0.0	0.0	0.0
Tcells-Day7_CD8_Naive_CD19_rep1-GSM5171848-GSE168880_R1_val_1	91.80422618239378	4.8581704671544665	0.9553655109852038	0.45767546537177284	0.2761656949120314	0.192322008944275	0.13746147548529158	0.11326984037968342	0.0992874338932059	1.0450303345612237	0.05510855615021075	0.005917029768872291	0.0	0.0	0.0	0.0
Tcells-Day7_CD8_Naive_CD19_rep1-GSM5171848-GSE168880_R2	89.1236434006725	5.7260927664200665	1.4086744151781838	0.5756196799123525	0.39637434245348113	0.28675256883828154	0.18490261815296039	0.18097654169574953	0.1632877448327253	1.7318853142939004	0.16705765628373073	0.02263913308977677	0.011745092189730235	0.020348725986544674	0.0	0.0
Tcells-Day7_CD8_Naive_CD19_rep1-GSM5171848-GSE168880_R2_val_2	92.28053526707363	4.509417840675714	0.8834902090781656	0.39854426209248806	0.26281159079357935	0.21092686802284152	0.1603659221246031	0.1122166278093707	0.10773284343945379	1.0112485917655678	0.043950823627436165	0.003956649364504022	0.0	0.01480250413268901	0.0	0.0
Tcells-Day7_CD8_Naive_CD19_rep2-GSM5171849-GSE168880_R1	88.67467127949416	5.969423336244332	1.5109314934156997	0.633354488159083	0.4124080586088015	0.286297276874597	0.2415758568019539	0.20036356243417408	0.15746470346112304	1.723853235382377	0.16205455487913595	0.017313018088265145	0.01028913615627528	0.0	0.0	0.0
Tcells-Day7_CD8_Naive_CD19_rep2-GSM5171849-GSE168880_R1_val_1	92.10578257497865	4.5695241651687475	1.0249699577393074	0.3755425153137584	0.2827588759611468	0.18647469763250352	0.14925843786258883	0.13986258119522704	0.08051969677494915	1.0430491134214401	0.03779869315330789	0.004458690798491764	0.0	0.0	0.0	0.0
Tcells-Day7_CD8_Naive_CD19_rep2-GSM5171849-GSE168880_R2	89.29336542084104	5.608131102208533	1.4148540715408815	0.6597893987959148	0.3785255285371905	0.25733473090995423	0.2092748947414052	0.18041112273783824	0.16484091618103183	1.6406725510208844	0.14496087671069074	0.009116716364587819	0.011327647710401127	0.02739502169962799	0.0	0.0
Tcells-Day7_CD8_Naive_CD19_rep2-GSM5171849-GSE168880_R2_val_2	92.58403769910963	4.368535206716888	0.911539817820738	0.4030963347735583	0.23134733098325563	0.16782583450913885	0.14508149808256665	0.10620956772360537	0.09535015882511652	0.9266978317546042	0.03517871014472097	0.003879384226871452	0.0	0.021220625329260254	0.0	0.0
Tcells-Day7_CD8_Naive_HA_rep1-GSM5171850-GSE168880_R1	83.00511875317869	6.957039676679166	1.783421273792711	0.8382156437721712	0.492806688570738	0.4230206049648947	0.29961690960744597	0.24899350484113825	0.2184830777254362	3.7512295317186126	1.348715995785823	0.6333383393631655	0.0	0.0	0.0	0.0
Tcells-Day7_CD8_Naive_HA_rep1-GSM5171850-GSE168880_R1_val_1	87.27465609225318	5.670614207564383	1.4488034203504334	0.67370367973319	0.4754416043900758	0.3317681650306417	0.23983725704777972	0.25213826663207023	0.1813253156955203	2.7013358532726204	0.6079341660254024	0.14244197200464032	0.0	0.0	0.0	0.0
Tcells-Day7_CD8_Naive_HA_rep1-GSM5171850-GSE168880_R2	83.70487576814702	6.704750521914896	1.650658663356123	0.7702643052551645	0.48802924563973066	0.32716325089474074	0.2740319930935186	0.21072307720792732	0.21023251344629396	3.806124457716573	1.2870592970616501	0.5432647721065501	0.0	0.02282213415988386	0.0	0.0
Tcells-Day7_CD8_Naive_HA_rep1-GSM5171850-GSE168880_R2_val_2	87.79866359906188	5.447228920262825	1.363816645945053	0.6171494294655906	0.43370384466223666	0.31953689153023807	0.2596704033902211	0.22921388747638322	0.2056539376967004	2.677862309693162	0.5154217764075051	0.11484495477362211	0.0	0.017233399634659873	0.0	0.0
Tcells-Day7_CD8_Naive_HA_rep2-GSM5171851-GSE168880_R1	84.7738078613487	6.209867655518398	1.5561362948575828	0.7407598759675781	0.4105728829958753	0.32983703310463847	0.2184446183981847	0.24144037808979732	0.22775500746704097	3.8989692997065584	1.0598172070869847	0.3325918854586135	0.0	0.0	0.0	0.0
Tcells-Day7_CD8_Naive_HA_rep2-GSM5171851-GSE168880_R1_val_1	88.66624908818592	5.1332622255741	1.1702585512299266	0.6232249946729658	0.3984118660025716	0.3096296001252543	0.2537661818306664	0.2455193931662757	0.18796508797169229	2.5564721478412102	0.3802571314092985	0.07498373199017978	0.0	0.0	0.0	0.0
Tcells-Day7_CD8_Naive_HA_rep2-GSM5171851-GSE168880_R2	85.72804410819977	5.830615852769381	1.3760849621892564	0.6797215199351446	0.4038255086364935	0.3136503958462677	0.2686303127913074	0.22275203647346584	0.18555037640056848	3.7174090970562133	0.9967154763300565	0.2533263383479042	0.0	0.023674015024164604	0.0	0.0
Tcells-Day7_CD8_Naive_HA_rep2-GSM5171851-GSE168880_R2_val_2	89.28462089466586	4.866690479701566	1.1193351437260233	0.5796748495448802	0.39346888171632916	0.2931530023589206	0.2486446394962622	0.21810760119316328	0.20407842185094102	2.37795238066427	0.3429623218681809	0.05467763680163373	0.016633746411908044	0.0	0.0	0.0
