Sample	MACS2_mqc-generalstats-macs2-d	MACS2_mqc-generalstats-macs2-peak_count	Samtools_mqc-generalstats-samtools-flagstat_total	Samtools_mqc-generalstats-samtools-mapped_passed	Samtools_mqc-generalstats-samtools-mapped_passed_pct	FastQC_mqc-generalstats-fastqc-percent_duplicates	FastQC_mqc-generalstats-fastqc-percent_gc	FastQC_mqc-generalstats-fastqc-avg_sequence_length	FastQC_mqc-generalstats-fastqc-median_sequence_length	FastQC_mqc-generalstats-fastqc-percent_fails	FastQC_mqc-generalstats-fastqc-total_sequences
Tcells-Day0_CD4_CentralMemory_rep1-GSM5171828-GSE168880			15255793	15017337	98.44						
Tcells-Day0_CD4_CentralMemory_rep1-GSM5171828-GSE168880.FDR50_free_macs2	81.0	57476									
Tcells-Day0_CD4_CentralMemory_rep1-GSM5171828-GSE168880.chrM			372790	371821	99.74						
Tcells-Day0_CD4_CentralMemory_rep1-GSM5171828-GSE168880.free_macs2	81.0	50203									
Tcells-Day0_CD4_CentralMemory_rep1-GSM5171828-GSE168880.noXYM			13823862	13742530	99.41						
Tcells-Day0_CD4_CentralMemory_rep1-GSM5171828-GSE168880_R1						21.794474560080175	56.0	76.0	76	18.181818181818183	7758059.0
Tcells-Day0_CD4_CentralMemory_rep1-GSM5171828-GSE168880_R1_val_1						14.827104305559928	56.0	53.44294570405157	60	9.090909090909092	7626849.0
Tcells-Day0_CD4_CentralMemory_rep1-GSM5171828-GSE168880_R2						20.81538940582658	56.0	76.0	76	18.181818181818183	7758059.0
Tcells-Day0_CD4_CentralMemory_rep1-GSM5171828-GSE168880_R2_val_2						14.103768109115151	56.0	53.43742179765195	60	9.090909090909092	7626849.0
Tcells-Day0_CD4_CentralMemory_rep2-GSM5171829-GSE168880			14957210	14747673	98.6						
Tcells-Day0_CD4_CentralMemory_rep2-GSM5171829-GSE168880.FDR50_free_macs2	81.0	56917									
Tcells-Day0_CD4_CentralMemory_rep2-GSM5171829-GSE168880.chrM			356278	355328	99.73						
Tcells-Day0_CD4_CentralMemory_rep2-GSM5171829-GSE168880.free_macs2	81.0	49462									
Tcells-Day0_CD4_CentralMemory_rep2-GSM5171829-GSE168880.noXYM			13587982	13507101	99.4						
Tcells-Day0_CD4_CentralMemory_rep2-GSM5171829-GSE168880_R1						21.177039076735312	56.0	76.0	76	18.181818181818183	7599922.0
Tcells-Day0_CD4_CentralMemory_rep2-GSM5171829-GSE168880_R1_val_1						14.396692477065216	55.0	53.6281596881993	60	9.090909090909092	7477597.0
Tcells-Day0_CD4_CentralMemory_rep2-GSM5171829-GSE168880_R2						20.17127407782479	55.0	76.0	76	18.181818181818183	7599922.0
Tcells-Day0_CD4_CentralMemory_rep2-GSM5171829-GSE168880_R2_val_2						13.69296593789305	55.0	53.61806312910418	60	9.090909090909092	7477597.0
Tcells-Day0_CD4_Naive_rep1-GSM5171830-GSE168880			16505882	16281648	98.64						
Tcells-Day0_CD4_Naive_rep1-GSM5171830-GSE168880.FDR50_free_macs2	81.0	58270									
Tcells-Day0_CD4_Naive_rep1-GSM5171830-GSE168880.chrM			664496	662602	99.71						
Tcells-Day0_CD4_Naive_rep1-GSM5171830-GSE168880.free_macs2	81.0	41787									
Tcells-Day0_CD4_Naive_rep1-GSM5171830-GSE168880.noXYM			14624740	14542908	99.44						
Tcells-Day0_CD4_Naive_rep1-GSM5171830-GSE168880_R1						21.101422803494557	54.0	76.0	76	18.181818181818183	8381745.0
Tcells-Day0_CD4_Naive_rep1-GSM5171830-GSE168880_R1_val_1						15.000877086762827	54.0	53.94586089689616	60	9.090909090909092	8251836.0
Tcells-Day0_CD4_Naive_rep1-GSM5171830-GSE168880_R2						20.067445501632136	54.0	76.0	76	18.181818181818183	8381745.0
Tcells-Day0_CD4_Naive_rep1-GSM5171830-GSE168880_R2_val_2						14.264447460563161	54.0	53.93543315693623	60	9.090909090909092	8251836.0
Tcells-Day0_CD4_Naive_rep2-GSM5171831-GSE168880			16259631	16048495	98.7						
Tcells-Day0_CD4_Naive_rep2-GSM5171831-GSE168880.FDR50_free_macs2	81.0	58431									
Tcells-Day0_CD4_Naive_rep2-GSM5171831-GSE168880.chrM			644518	642801	99.73						
Tcells-Day0_CD4_Naive_rep2-GSM5171831-GSE168880.free_macs2	81.0	49904									
Tcells-Day0_CD4_Naive_rep2-GSM5171831-GSE168880.noXYM			14432213	14349657	99.43						
Tcells-Day0_CD4_Naive_rep2-GSM5171831-GSE168880_R1						21.924142415834694	55.0	76.0	76	18.181818181818183	8253274.0
Tcells-Day0_CD4_Naive_rep2-GSM5171831-GSE168880_R1_val_1						15.66481430489165	55.0	54.13427130094906	60	9.090909090909092	8128781.0
Tcells-Day0_CD4_Naive_rep2-GSM5171831-GSE168880_R2						21.135068540180697	55.0	76.0	76	18.181818181818183	8253274.0
Tcells-Day0_CD4_Naive_rep2-GSM5171831-GSE168880_R2_val_2						14.946239566535766	54.0	54.123866788882616	60	9.090909090909092	8128781.0
Tcells-Day0_CD8_CentralMemory_rep1-GSM5171832-GSE168880			11779063	11611213	98.58						
Tcells-Day0_CD8_CentralMemory_rep1-GSM5171832-GSE168880.FDR50_free_macs2	81.0	55467									
Tcells-Day0_CD8_CentralMemory_rep1-GSM5171832-GSE168880.chrM			256665	256008	99.74						
Tcells-Day0_CD8_CentralMemory_rep1-GSM5171832-GSE168880.free_macs2	81.0	49146									
Tcells-Day0_CD8_CentralMemory_rep1-GSM5171832-GSE168880.noXYM			10726514	10661543	99.39						
Tcells-Day0_CD8_CentralMemory_rep1-GSM5171832-GSE168880_R1						20.973483795480547	57.0	76.0	76	18.181818181818183	5978894.0
Tcells-Day0_CD8_CentralMemory_rep1-GSM5171832-GSE168880_R1_val_1						14.059209663652595	57.0	53.68326459206609	60	9.090909090909092	5888748.0
Tcells-Day0_CD8_CentralMemory_rep1-GSM5171832-GSE168880_R2						19.876709685605334	57.0	76.0	76	18.181818181818183	5978894.0
Tcells-Day0_CD8_CentralMemory_rep1-GSM5171832-GSE168880_R2_val_2						13.224264831600166	57.0	53.68085236454336	60	9.090909090909092	5888748.0
Tcells-Day0_CD8_CentralMemory_rep2-GSM5171833-GSE168880			11188576	11034768	98.63						
Tcells-Day0_CD8_CentralMemory_rep2-GSM5171833-GSE168880.FDR50_free_macs2	81.0	54159									
Tcells-Day0_CD8_CentralMemory_rep2-GSM5171833-GSE168880.chrM			261124	260480	99.75						
Tcells-Day0_CD8_CentralMemory_rep2-GSM5171833-GSE168880.free_macs2	81.0	47983									
Tcells-Day0_CD8_CentralMemory_rep2-GSM5171833-GSE168880.noXYM			10179454	10116698	99.38						
Tcells-Day0_CD8_CentralMemory_rep2-GSM5171833-GSE168880_R1						20.86248785343308	57.0	76.0	76	18.181818181818183	5673892.0
Tcells-Day0_CD8_CentralMemory_rep2-GSM5171833-GSE168880_R1_val_1						14.080594280119456	57.0	53.96639951973263	60	9.090909090909092	5593551.0
Tcells-Day0_CD8_CentralMemory_rep2-GSM5171833-GSE168880_R2						19.9465810298899	57.0	76.0	76	18.181818181818183	5673892.0
Tcells-Day0_CD8_CentralMemory_rep2-GSM5171833-GSE168880_R2_val_2						13.388314128903687	57.0	53.958914292548684	60	9.090909090909092	5593551.0
Tcells-Day0_CD8_Naive_rep1-GSM5171834-GSE168880			14862209	14647113	98.55						
Tcells-Day0_CD8_Naive_rep1-GSM5171834-GSE168880.FDR50_free_macs2	81.0	58864									
Tcells-Day0_CD8_Naive_rep1-GSM5171834-GSE168880.chrM			337212	336255	99.72						
Tcells-Day0_CD8_Naive_rep1-GSM5171834-GSE168880.free_macs2	81.0	50953									
Tcells-Day0_CD8_Naive_rep1-GSM5171834-GSE168880.noXYM			13439962	13362493	99.42						
Tcells-Day0_CD8_Naive_rep1-GSM5171834-GSE168880_R1						20.48252916894775	56.0	76.0	76	18.181818181818183	7542480.0
Tcells-Day0_CD8_Naive_rep1-GSM5171834-GSE168880_R1_val_1						14.010204572860971	55.0	53.878132999091136	60	9.090909090909092	7430141.0
Tcells-Day0_CD8_Naive_rep1-GSM5171834-GSE168880_R2						19.596389265559367	55.0	76.0	76	18.181818181818183	7542480.0
Tcells-Day0_CD8_Naive_rep1-GSM5171834-GSE168880_R2_val_2						13.311205159694339	55.0	53.86894447898095	60	9.090909090909092	7430141.0
Tcells-Day0_CD8_Naive_rep2-GSM5171835-GSE168880			14241574	14050409	98.66						
Tcells-Day0_CD8_Naive_rep2-GSM5171835-GSE168880.FDR50_free_macs2	81.0	58585									
Tcells-Day0_CD8_Naive_rep2-GSM5171835-GSE168880.chrM			347796	346802	99.71						
Tcells-Day0_CD8_Naive_rep2-GSM5171835-GSE168880.free_macs2	81.0	50770									
Tcells-Day0_CD8_Naive_rep2-GSM5171835-GSE168880.noXYM			12870955	12795635	99.41						
Tcells-Day0_CD8_Naive_rep2-GSM5171835-GSE168880_R1						20.516325460965874	56.0	76.0	76	18.181818181818183	7229322.0
Tcells-Day0_CD8_Naive_rep2-GSM5171835-GSE168880_R1_val_1						13.928495692264505	56.0	53.73984760576211	60	9.090909090909092	7119823.0
Tcells-Day0_CD8_Naive_rep2-GSM5171835-GSE168880_R2						19.426778736422108	55.0	76.0	76	18.181818181818183	7229322.0
Tcells-Day0_CD8_Naive_rep2-GSM5171835-GSE168880_R2_val_2						13.164430312761155	55.0	53.732669618331805	60	9.090909090909092	7119823.0
Tcells-Day14_CD4_CentralMemory_CD19_rep1-GSM5171852-GSE168880			24069308	23792112	98.85						
Tcells-Day14_CD4_CentralMemory_CD19_rep1-GSM5171852-GSE168880.FDR50_free_macs2	81.0	66245									
Tcells-Day14_CD4_CentralMemory_CD19_rep1-GSM5171852-GSE168880.chrM			8004729	7982151	99.72						
Tcells-Day14_CD4_CentralMemory_CD19_rep1-GSM5171852-GSE168880.free_macs2	81.0	49548									
Tcells-Day14_CD4_CentralMemory_CD19_rep1-GSM5171852-GSE168880.noXYM			14686361	14614850	99.51						
Tcells-Day14_CD4_CentralMemory_CD19_rep1-GSM5171852-GSE168880_R1						40.33822883734921	49.0	76.0	76	18.181818181818183	12189109.0
Tcells-Day14_CD4_CentralMemory_CD19_rep1-GSM5171852-GSE168880_R1_val_1						36.295595989916706	48.0	53.913533382839624	60	9.090909090909092	12033488.0
Tcells-Day14_CD4_CentralMemory_CD19_rep1-GSM5171852-GSE168880_R2						39.29298680843147	49.0	76.0	76	9.090909090909092	12189109.0
Tcells-Day14_CD4_CentralMemory_CD19_rep1-GSM5171852-GSE168880_R2_val_2						35.412933943449104	48.0	53.89792685213132	60	9.090909090909092	12033488.0
Tcells-Day14_CD4_CentralMemory_CD19_rep2-GSM5171853-GSE168880			19446770	19222091	98.84						
Tcells-Day14_CD4_CentralMemory_CD19_rep2-GSM5171853-GSE168880.FDR50_free_macs2	81.0	56218									
Tcells-Day14_CD4_CentralMemory_CD19_rep2-GSM5171853-GSE168880.chrM			6460507	6442332	99.72						
Tcells-Day14_CD4_CentralMemory_CD19_rep2-GSM5171853-GSE168880.free_macs2	81.0	43663									
Tcells-Day14_CD4_CentralMemory_CD19_rep2-GSM5171853-GSE168880.noXYM			11870484	11811822	99.51						
Tcells-Day14_CD4_CentralMemory_CD19_rep2-GSM5171853-GSE168880_R1						39.254565317964186	49.0	76.0	76	18.181818181818183	9852832.0
Tcells-Day14_CD4_CentralMemory_CD19_rep2-GSM5171853-GSE168880_R1_val_1						35.181173509473595	48.0	53.83161061480141	60	9.090909090909092	9722424.0
Tcells-Day14_CD4_CentralMemory_CD19_rep2-GSM5171853-GSE168880_R2						38.221755885310124	49.0	76.0	76	9.090909090909092	9852832.0
Tcells-Day14_CD4_CentralMemory_CD19_rep2-GSM5171853-GSE168880_R2_val_2						34.46966439666694	48.0	53.81380229868601	60	9.090909090909092	9722424.0
Tcells-Day14_CD4_CentralMemory_HA_rep1-GSM5171854-GSE168880			13609046	13443486	98.78						
Tcells-Day14_CD4_CentralMemory_HA_rep1-GSM5171854-GSE168880.chrM			1621813	1617125	99.71						
Tcells-Day14_CD4_CentralMemory_HA_rep1-GSM5171854-GSE168880.free_macs2	81.0	58772									
Tcells-Day14_CD4_CentralMemory_HA_rep1-GSM5171854-GSE168880.noXYM			11077081	11008796	99.38						
Tcells-Day14_CD4_CentralMemory_HA_rep1-GSM5171854-GSE168880_R1						24.84175688995724	54.0	76.0	76	18.181818181818183	6889930.0
Tcells-Day14_CD4_CentralMemory_HA_rep1-GSM5171854-GSE168880_R1_val_1						19.03884116388656	53.0	54.93379588652386	60	9.090909090909092	6803686.0
Tcells-Day14_CD4_CentralMemory_HA_rep1-GSM5171854-GSE168880_R2						23.92092225342391	54.0	76.0	76	18.181818181818183	6889930.0
Tcells-Day14_CD4_CentralMemory_HA_rep1-GSM5171854-GSE168880_R2_val_2						18.223488476470635	53.0	54.91291984962269	60	9.090909090909092	6803686.0
Tcells-Day14_CD4_CentralMemory_HA_rep2-GSM5171855-GSE168880			17029837	16820144	98.77						
Tcells-Day14_CD4_CentralMemory_HA_rep2-GSM5171855-GSE168880.FDR50_free_macs2	81.0	78625									
Tcells-Day14_CD4_CentralMemory_HA_rep2-GSM5171855-GSE168880.chrM			2138238	2132273	99.72						
Tcells-Day14_CD4_CentralMemory_HA_rep2-GSM5171855-GSE168880.free_macs2	81.0	68055									
Tcells-Day14_CD4_CentralMemory_HA_rep2-GSM5171855-GSE168880.noXYM			13765268	13681486	99.39						
Tcells-Day14_CD4_CentralMemory_HA_rep2-GSM5171855-GSE168880_R1						27.56094049767458	54.0	76.0	76	18.181818181818183	8621530.0
Tcells-Day14_CD4_CentralMemory_HA_rep2-GSM5171855-GSE168880_R1_val_1						21.33219419791037	54.0	54.74475808582835	60	9.090909090909092	8513970.0
Tcells-Day14_CD4_CentralMemory_HA_rep2-GSM5171855-GSE168880_R2						26.38705318939347	54.0	76.0	76	18.181818181818183	8621530.0
Tcells-Day14_CD4_CentralMemory_HA_rep2-GSM5171855-GSE168880_R2_val_2						20.404888545899396	53.0	54.72452134550627	60	9.090909090909092	8513970.0
Tcells-Day14_CD4_Naive_CD19_rep1-GSM5171856-GSE168880			16896524	16694470	98.8						
Tcells-Day14_CD4_Naive_CD19_rep1-GSM5171856-GSE168880.FDR50_free_macs2	81.0	67583									
Tcells-Day14_CD4_Naive_CD19_rep1-GSM5171856-GSE168880.chrM			3696509	3686476	99.73						
Tcells-Day14_CD4_Naive_CD19_rep1-GSM5171856-GSE168880.free_macs2	81.0	58883									
Tcells-Day14_CD4_Naive_CD19_rep1-GSM5171856-GSE168880.noXYM			12220187	12144382	99.38						
Tcells-Day14_CD4_Naive_CD19_rep1-GSM5171856-GSE168880_R1						35.84562291310898	53.0	76.0	76	27.27272727272727	8567932.0
Tcells-Day14_CD4_Naive_CD19_rep1-GSM5171856-GSE168880_R1_val_1						29.467248432723167	53.0	54.527587221295235	60	18.181818181818183	8447335.0
Tcells-Day14_CD4_Naive_CD19_rep1-GSM5171856-GSE168880_R2						34.55076092451968	53.0	76.0	76	27.27272727272727	8567932.0
Tcells-Day14_CD4_Naive_CD19_rep1-GSM5171856-GSE168880_R2_val_2						28.4221964200719	52.0	54.50648849607598	60	18.181818181818183	8447335.0
Tcells-Day14_CD4_Naive_CD19_rep2-GSM5171857-GSE168880			19467791	19149209	98.36						
Tcells-Day14_CD4_Naive_CD19_rep2-GSM5171857-GSE168880.FDR50_free_macs2	81.0	73185									
Tcells-Day14_CD4_Naive_CD19_rep2-GSM5171857-GSE168880.chrM			4176699	4164452	99.71						
Tcells-Day14_CD4_Naive_CD19_rep2-GSM5171857-GSE168880.free_macs2	81.0	64077									
Tcells-Day14_CD4_Naive_CD19_rep2-GSM5171857-GSE168880.noXYM			14079721	13988536	99.35						
Tcells-Day14_CD4_Naive_CD19_rep2-GSM5171857-GSE168880_R1						36.64647544651659	53.0	76.0	76	27.27272727272727	9872223.0
Tcells-Day14_CD4_Naive_CD19_rep2-GSM5171857-GSE168880_R1_val_1						29.987675734280273	53.0	54.39629637506783	60	18.181818181818183	9732789.0
Tcells-Day14_CD4_Naive_CD19_rep2-GSM5171857-GSE168880_R2						35.38657743522785	53.0	76.0	76	27.27272727272727	9872223.0
Tcells-Day14_CD4_Naive_CD19_rep2-GSM5171857-GSE168880_R2_val_2						28.981933407406473	53.0	54.374775205750375	60	18.181818181818183	9732789.0
Tcells-Day14_CD4_Naive_HA_rep1-GSM5171858-GSE168880			16696175	16483476	98.73						
Tcells-Day14_CD4_Naive_HA_rep1-GSM5171858-GSE168880.FDR50_free_macs2	81.0	81793									
Tcells-Day14_CD4_Naive_HA_rep1-GSM5171858-GSE168880.chrM			2504201	2496996	99.71						
Tcells-Day14_CD4_Naive_HA_rep1-GSM5171858-GSE168880.free_macs2	81.0	68309									
Tcells-Day14_CD4_Naive_HA_rep1-GSM5171858-GSE168880.noXYM			13128374	13054288	99.44						
Tcells-Day14_CD4_Naive_HA_rep1-GSM5171858-GSE168880_R1						25.840739338264882	52.0	76.0	76	18.181818181818183	8458693.0
Tcells-Day14_CD4_Naive_HA_rep1-GSM5171858-GSE168880_R1_val_1						20.415825485101976	52.0	54.39131170784567	60	9.090909090909092	8347095.0
Tcells-Day14_CD4_Naive_HA_rep1-GSM5171858-GSE168880_R2						24.866947739603944	52.0	76.0	76	18.181818181818183	8458693.0
Tcells-Day14_CD4_Naive_HA_rep1-GSM5171858-GSE168880_R2_val_2						19.7499014310944	52.0	54.376539502665295	60	9.090909090909092	8347095.0
Tcells-Day14_CD4_Naive_HA_rep2-GSM5171859-GSE168880			16444091	16248218	98.81						
Tcells-Day14_CD4_Naive_HA_rep2-GSM5171859-GSE168880.FDR50_free_macs2	81.0	80514									
Tcells-Day14_CD4_Naive_HA_rep2-GSM5171859-GSE168880.chrM			2480601	2473587	99.72						
Tcells-Day14_CD4_Naive_HA_rep2-GSM5171859-GSE168880.free_macs2	81.0	67292									
Tcells-Day14_CD4_Naive_HA_rep2-GSM5171859-GSE168880.noXYM			12929664	12856699	99.44						
Tcells-Day14_CD4_Naive_HA_rep2-GSM5171859-GSE168880_R1						25.66281423278336	52.0	76.0	76	18.181818181818183	8328146.0
Tcells-Day14_CD4_Naive_HA_rep2-GSM5171859-GSE168880_R1_val_1						20.548091700050165	52.0	54.67606221438435	60	9.090909090909092	8221057.0
Tcells-Day14_CD4_Naive_HA_rep2-GSM5171859-GSE168880_R2						24.793333567496433	52.0	76.0	76	18.181818181818183	8328146.0
Tcells-Day14_CD4_Naive_HA_rep2-GSM5171859-GSE168880_R2_val_2						19.74360902700697	52.0	54.657392230707075	60	9.090909090909092	8221057.0
Tcells-Day14_CD8_CentralMemory_CD19_rep1-GSM5171860-GSE168880			20409460	20154008	98.75						
Tcells-Day14_CD8_CentralMemory_CD19_rep1-GSM5171860-GSE168880.FDR50_free_macs2	81.0	69653									
Tcells-Day14_CD8_CentralMemory_CD19_rep1-GSM5171860-GSE168880.chrM			4716012	4702457	99.71						
Tcells-Day14_CD8_CentralMemory_CD19_rep1-GSM5171860-GSE168880.free_macs2	81.0	59685									
Tcells-Day14_CD8_CentralMemory_CD19_rep1-GSM5171860-GSE168880.noXYM			14432967	14346555	99.4						
Tcells-Day14_CD8_CentralMemory_CD19_rep1-GSM5171860-GSE168880_R1						35.42636171341512	52.0	76.0	76	18.181818181818183	10342948.0
Tcells-Day14_CD8_CentralMemory_CD19_rep1-GSM5171860-GSE168880_R1_val_1						29.59007053936996	51.0	54.299586216169786	60	18.181818181818183	10203637.0
Tcells-Day14_CD8_CentralMemory_CD19_rep1-GSM5171860-GSE168880_R2						34.1414798202327	52.0	76.0	76	18.181818181818183	10342948.0
Tcells-Day14_CD8_CentralMemory_CD19_rep1-GSM5171860-GSE168880_R2_val_2						28.495815667303077	51.0	54.27914713155711	60	9.090909090909092	10203637.0
Tcells-Day14_CD8_CentralMemory_CD19_rep2-GSM5171861-GSE168880			14995032	14807867	98.75						
Tcells-Day14_CD8_CentralMemory_CD19_rep2-GSM5171861-GSE168880.FDR50_free_macs2	81.0	60124									
Tcells-Day14_CD8_CentralMemory_CD19_rep2-GSM5171861-GSE168880.chrM			3430323	3420813	99.72						
Tcells-Day14_CD8_CentralMemory_CD19_rep2-GSM5171861-GSE168880.free_macs2	81.0	51752									
Tcells-Day14_CD8_CentralMemory_CD19_rep2-GSM5171861-GSE168880.noXYM			10633420	10569516	99.4						
Tcells-Day14_CD8_CentralMemory_CD19_rep2-GSM5171861-GSE168880_R1						33.513515223014906	52.0	76.0	76	18.181818181818183	7600305.0
Tcells-Day14_CD8_CentralMemory_CD19_rep2-GSM5171861-GSE168880_R1_val_1						27.768419071864088	52.0	54.32698646156908	60	18.181818181818183	7496659.0
Tcells-Day14_CD8_CentralMemory_CD19_rep2-GSM5171861-GSE168880_R2						32.56941308083739	52.0	76.0	76	18.181818181818183	7600305.0
Tcells-Day14_CD8_CentralMemory_CD19_rep2-GSM5171861-GSE168880_R2_val_2						27.074128196654584	51.0	54.312089158650544	60	18.181818181818183	7496659.0
Tcells-Day14_CD8_CentralMemory_HA_rep1-GSM5171862-GSE168880			16545393	16330150	98.7						
Tcells-Day14_CD8_CentralMemory_HA_rep1-GSM5171862-GSE168880.FDR50_free_macs2	81.0	76303									
Tcells-Day14_CD8_CentralMemory_HA_rep1-GSM5171862-GSE168880.chrM			2506690	2499953	99.73						
Tcells-Day14_CD8_CentralMemory_HA_rep1-GSM5171862-GSE168880.free_macs2	81.0	65586									
Tcells-Day14_CD8_CentralMemory_HA_rep1-GSM5171862-GSE168880.noXYM			12938383	12859902	99.39						
Tcells-Day14_CD8_CentralMemory_HA_rep1-GSM5171862-GSE168880_R1						27.79084444698549	53.0	76.0	76	18.181818181818183	8390710.0
Tcells-Day14_CD8_CentralMemory_HA_rep1-GSM5171862-GSE168880_R1_val_1						21.88962903351802	53.0	54.4583666293751	60	9.090909090909092	8271754.0
Tcells-Day14_CD8_CentralMemory_HA_rep1-GSM5171862-GSE168880_R2						26.773378700725672	53.0	76.0	76	18.181818181818183	8390710.0
Tcells-Day14_CD8_CentralMemory_HA_rep1-GSM5171862-GSE168880_R2_val_2						21.029052390790383	53.0	54.443208780145056	60	9.090909090909092	8271754.0
Tcells-Day14_CD8_CentralMemory_HA_rep2-GSM5171863-GSE168880			18680621	18428505	98.65						
Tcells-Day14_CD8_CentralMemory_HA_rep2-GSM5171863-GSE168880.FDR50_free_macs2	81.0	85751									
Tcells-Day14_CD8_CentralMemory_HA_rep2-GSM5171863-GSE168880.chrM			2771112	2763564	99.73						
Tcells-Day14_CD8_CentralMemory_HA_rep2-GSM5171863-GSE168880.free_macs2	81.0	74043									
Tcells-Day14_CD8_CentralMemory_HA_rep2-GSM5171863-GSE168880.noXYM			14637991	14549891	99.4						
Tcells-Day14_CD8_CentralMemory_HA_rep2-GSM5171863-GSE168880_R1						28.893125670425476	54.0	76.0	76	18.181818181818183	9474049.0
Tcells-Day14_CD8_CentralMemory_HA_rep2-GSM5171863-GSE168880_R1_val_1						22.105948375887323	54.0	54.05077933102424	60	9.090909090909092	9339292.0
Tcells-Day14_CD8_CentralMemory_HA_rep2-GSM5171863-GSE168880_R2						27.75097997181065	54.0	76.0	76	18.181818181818183	9474049.0
Tcells-Day14_CD8_CentralMemory_HA_rep2-GSM5171863-GSE168880_R2_val_2						21.209867940013353	53.0	54.04399584036991	60	9.090909090909092	9339292.0
Tcells-Day14_CD8_Naive_CD19_rep1-GSM5171864-GSE168880			14795738	14609918	98.74						
Tcells-Day14_CD8_Naive_CD19_rep1-GSM5171864-GSE168880.FDR50_free_macs2	81.0	66348									
Tcells-Day14_CD8_Naive_CD19_rep1-GSM5171864-GSE168880.chrM			2504148	2497411	99.73						
Tcells-Day14_CD8_Naive_CD19_rep1-GSM5171864-GSE168880.free_macs2	81.0	57831									
Tcells-Day14_CD8_Naive_CD19_rep1-GSM5171864-GSE168880.noXYM			11361338	11287142	99.35						
Tcells-Day14_CD8_Naive_CD19_rep1-GSM5171864-GSE168880_R1						31.238449446818223	54.0	76.0	76	18.181818181818183	7487326.0
Tcells-Day14_CD8_Naive_CD19_rep1-GSM5171864-GSE168880_R1_val_1						24.755850034192562	53.0	54.72474734365427	60	9.090909090909092	7397004.0
Tcells-Day14_CD8_Naive_CD19_rep1-GSM5171864-GSE168880_R2						30.178051949716775	54.0	76.0	76	18.181818181818183	7487326.0
Tcells-Day14_CD8_Naive_CD19_rep1-GSM5171864-GSE168880_R2_val_2						23.931319837703953	53.0	54.704120208668265	60	9.090909090909092	7397004.0
Tcells-Day14_CD8_Naive_CD19_rep2-GSM5171865-GSE168880			16189821	15984514	98.73						
Tcells-Day14_CD8_Naive_CD19_rep2-GSM5171865-GSE168880.FDR50_free_macs2	81.0	69077									
Tcells-Day14_CD8_Naive_CD19_rep2-GSM5171865-GSE168880.chrM			2734946	2727477	99.73						
Tcells-Day14_CD8_Naive_CD19_rep2-GSM5171865-GSE168880.free_macs2	81.0	60512									
Tcells-Day14_CD8_Naive_CD19_rep2-GSM5171865-GSE168880.noXYM			12441390	12358851	99.34						
Tcells-Day14_CD8_Naive_CD19_rep2-GSM5171865-GSE168880_R1						32.25718578413357	54.0	76.0	76	18.181818181818183	8203288.0
Tcells-Day14_CD8_Naive_CD19_rep2-GSM5171865-GSE168880_R1_val_1						25.565772308011887	54.0	54.60561542715408	60	9.090909090909092	8093988.0
Tcells-Day14_CD8_Naive_CD19_rep2-GSM5171865-GSE168880_R2						30.88774697928622	54.0	76.0	76	18.181818181818183	8203288.0
Tcells-Day14_CD8_Naive_CD19_rep2-GSM5171865-GSE168880_R2_val_2						24.4818052812918	54.0	54.58416827403253	60	9.090909090909092	8093988.0
Tcells-Day14_CD8_Naive_HA_rep1-GSM5171866-GSE168880			13620954	13440853	98.68						
Tcells-Day14_CD8_Naive_HA_rep1-GSM5171866-GSE168880.FDR50_free_macs2	81.0	69037									
Tcells-Day14_CD8_Naive_HA_rep1-GSM5171866-GSE168880.chrM			1435609	1431541	99.72						
Tcells-Day14_CD8_Naive_HA_rep1-GSM5171866-GSE168880.free_macs2	81.0	60523									
Tcells-Day14_CD8_Naive_HA_rep1-GSM5171866-GSE168880.noXYM			11242856	11170438	99.36						
Tcells-Day14_CD8_Naive_HA_rep1-GSM5171866-GSE168880_R1						25.37886896706472	55.0	76.0	76	18.181818181818183	6904367.0
Tcells-Day14_CD8_Naive_HA_rep1-GSM5171866-GSE168880_R1_val_1						18.832953968161874	54.0	54.46403955571775	60	9.090909090909092	6809635.0
Tcells-Day14_CD8_Naive_HA_rep1-GSM5171866-GSE168880_R2						24.31917018221739	55.0	76.0	76	18.181818181818183	6904367.0
Tcells-Day14_CD8_Naive_HA_rep1-GSM5171866-GSE168880_R2_val_2						18.01182941863823	54.0	54.45041489007854	60	9.090909090909092	6809635.0
Tcells-Day14_CD8_Naive_HA_rep2-GSM5171867-GSE168880			12354668	12192774	98.69						
Tcells-Day14_CD8_Naive_HA_rep2-GSM5171867-GSE168880.FDR50_free_macs2	81.0	65972									
Tcells-Day14_CD8_Naive_HA_rep2-GSM5171867-GSE168880.chrM			1194106	1190872	99.73						
Tcells-Day14_CD8_Naive_HA_rep2-GSM5171867-GSE168880.free_macs2	81.0	57096									
Tcells-Day14_CD8_Naive_HA_rep2-GSM5171867-GSE168880.noXYM			10301274	10234316	99.35						
Tcells-Day14_CD8_Naive_HA_rep2-GSM5171867-GSE168880_R1						24.02281276619837	55.0	76.0	76	18.181818181818183	6261678.0
Tcells-Day14_CD8_Naive_HA_rep2-GSM5171867-GSE168880_R1_val_1						17.598450485981786	55.0	54.5824522825668	60	9.090909090909092	6176621.0
Tcells-Day14_CD8_Naive_HA_rep2-GSM5171867-GSE168880_R2						23.05649001839369	55.0	76.0	76	18.181818181818183	6261678.0
Tcells-Day14_CD8_Naive_HA_rep2-GSM5171867-GSE168880_R2_val_2						16.946306004891	55.0	54.565358955972854	60	9.090909090909092	6176621.0
Tcells-Day7_CD4_CentralMemory_CD19_rep1-GSM5171836-GSE168880			12401138	12248224	98.77						
Tcells-Day7_CD4_CentralMemory_CD19_rep1-GSM5171836-GSE168880.FDR50_free_macs2	81.0	56902									
Tcells-Day7_CD4_CentralMemory_CD19_rep1-GSM5171836-GSE168880.chrM			536629	535139	99.72						
Tcells-Day7_CD4_CentralMemory_CD19_rep1-GSM5171836-GSE168880.free_macs2	81.0	41521									
Tcells-Day7_CD4_CentralMemory_CD19_rep1-GSM5171836-GSE168880.noXYM			10981589	10927712	99.51						
Tcells-Day7_CD4_CentralMemory_CD19_rep1-GSM5171836-GSE168880_R1						12.040662001946785	52.0	76.0	76	18.181818181818183	6275596.0
Tcells-Day7_CD4_CentralMemory_CD19_rep1-GSM5171836-GSE168880_R1_val_1						8.565174460664565	51.0	54.39883731658267	60	9.090909090909092	6199796.0
Tcells-Day7_CD4_CentralMemory_CD19_rep1-GSM5171836-GSE168880_R2						11.281982020748032	51.0	76.0	76	18.181818181818183	6275596.0
Tcells-Day7_CD4_CentralMemory_CD19_rep1-GSM5171836-GSE168880_R2_val_2						7.90106683245925	51.0	54.37859181173058	60	9.090909090909092	6199796.0
Tcells-Day7_CD4_CentralMemory_CD19_rep2-GSM5171837-GSE168880			11015391	10870884	98.69						
Tcells-Day7_CD4_CentralMemory_CD19_rep2-GSM5171837-GSE168880.FDR50_free_macs2	81.0	55563									
Tcells-Day7_CD4_CentralMemory_CD19_rep2-GSM5171837-GSE168880.chrM			453480	452192	99.72						
Tcells-Day7_CD4_CentralMemory_CD19_rep2-GSM5171837-GSE168880.free_macs2	81.0	41733									
Tcells-Day7_CD4_CentralMemory_CD19_rep2-GSM5171837-GSE168880.noXYM			9769518	9718709	99.48						
Tcells-Day7_CD4_CentralMemory_CD19_rep2-GSM5171837-GSE168880_R1						12.107832910421024	52.0	76.0	76	18.181818181818183	5575779.0
Tcells-Day7_CD4_CentralMemory_CD19_rep2-GSM5171837-GSE168880_R1_val_1						8.495302850974738	52.0	54.24274492670566	60	9.090909090909092	5506974.0
Tcells-Day7_CD4_CentralMemory_CD19_rep2-GSM5171837-GSE168880_R2						11.394430370481373	52.0	76.0	76	18.181818181818183	5575779.0
Tcells-Day7_CD4_CentralMemory_CD19_rep2-GSM5171837-GSE168880_R2_val_2						7.809023904497565	52.0	54.22825675225632	60	9.090909090909092	5506974.0
Tcells-Day7_CD4_CentralMemory_HA_rep1-GSM5171838-GSE168880			12281460	12125963	98.73						
Tcells-Day7_CD4_CentralMemory_HA_rep1-GSM5171838-GSE168880.chrM			758274	756258	99.73						
Tcells-Day7_CD4_CentralMemory_HA_rep1-GSM5171838-GSE168880.free_macs2	81.0	55892									
Tcells-Day7_CD4_CentralMemory_HA_rep1-GSM5171838-GSE168880.noXYM			10649225	10598085	99.52						
Tcells-Day7_CD4_CentralMemory_HA_rep1-GSM5171838-GSE168880_R1						13.943164063640538	51.0	76.0	76	18.181818181818183	6211469.0
Tcells-Day7_CD4_CentralMemory_HA_rep1-GSM5171838-GSE168880_R1_val_1						10.108577176955038	51.0	54.52792730111903	60	9.090909090909092	6140067.0
Tcells-Day7_CD4_CentralMemory_HA_rep1-GSM5171838-GSE168880_R2						13.182436538693437	51.0	76.0	76	18.181818181818183	6211469.0
Tcells-Day7_CD4_CentralMemory_HA_rep1-GSM5171838-GSE168880_R2_val_2						9.536915443855762	50.0	54.509737597325895	60	9.090909090909092	6140067.0
Tcells-Day7_CD4_CentralMemory_HA_rep2-GSM5171839-GSE168880			10254072	10130918	98.8						
Tcells-Day7_CD4_CentralMemory_HA_rep2-GSM5171839-GSE168880.chrM			621453	619687	99.72						
Tcells-Day7_CD4_CentralMemory_HA_rep2-GSM5171839-GSE168880.free_macs2	81.0	50966									
Tcells-Day7_CD4_CentralMemory_HA_rep2-GSM5171839-GSE168880.noXYM			8910732	8867246	99.51						
Tcells-Day7_CD4_CentralMemory_HA_rep2-GSM5171839-GSE168880_R1						13.085597487224447	51.0	76.0	76	18.181818181818183	5184370.0
Tcells-Day7_CD4_CentralMemory_HA_rep2-GSM5171839-GSE168880_R1_val_1						9.55206035871987	51.0	54.547232545600814	60	9.090909090909092	5126444.0
Tcells-Day7_CD4_CentralMemory_HA_rep2-GSM5171839-GSE168880_R2						12.422611115588566	51.0	76.0	76	18.181818181818183	5184370.0
Tcells-Day7_CD4_CentralMemory_HA_rep2-GSM5171839-GSE168880_R2_val_2						8.992344164828353	51.0	54.525251421843286	60	9.090909090909092	5126444.0
Tcells-Day7_CD4_Naive_CD19_rep1-GSM5171840-GSE168880			12047645	11841015	98.28						
Tcells-Day7_CD4_Naive_CD19_rep1-GSM5171840-GSE168880.FDR50_free_macs2	81.0	54141									
Tcells-Day7_CD4_Naive_CD19_rep1-GSM5171840-GSE168880.chrM			215840	215186	99.7						
Tcells-Day7_CD4_Naive_CD19_rep1-GSM5171840-GSE168880.free_macs2	81.0	34525									
Tcells-Day7_CD4_Naive_CD19_rep1-GSM5171840-GSE168880.noXYM			10874901	10822002	99.51						
Tcells-Day7_CD4_Naive_CD19_rep1-GSM5171840-GSE168880_R1						8.258696104481743	51.0	76.0	76	18.181818181818183	6098930.0
Tcells-Day7_CD4_Naive_CD19_rep1-GSM5171840-GSE168880_R1_val_1						5.607559680400541	51.0	54.36093719647953	60	9.090909090909092	6023070.0
Tcells-Day7_CD4_Naive_CD19_rep1-GSM5171840-GSE168880_R2						7.728693523479805	51.0	76.0	76	18.181818181818183	6098930.0
Tcells-Day7_CD4_Naive_CD19_rep1-GSM5171840-GSE168880_R2_val_2						5.151310012568871	50.0	54.348765828721895	60	9.090909090909092	6023070.0
Tcells-Day7_CD4_Naive_CD19_rep2-GSM5171841-GSE168880			12228850	12063255	98.65						
Tcells-Day7_CD4_Naive_CD19_rep2-GSM5171841-GSE168880.FDR50_free_macs2	81.0	55548									
Tcells-Day7_CD4_Naive_CD19_rep2-GSM5171841-GSE168880.chrM			234345	233652	99.7						
Tcells-Day7_CD4_Naive_CD19_rep2-GSM5171841-GSE168880.free_macs2	81.0	35823									
Tcells-Day7_CD4_Naive_CD19_rep2-GSM5171841-GSE168880.noXYM			11066012	11011896	99.51						
Tcells-Day7_CD4_Naive_CD19_rep2-GSM5171841-GSE168880_R1						8.472729288896716	52.0	76.0	76	18.181818181818183	6191053.0
Tcells-Day7_CD4_Naive_CD19_rep2-GSM5171841-GSE168880_R1_val_1						5.806191731145944	51.0	54.435558294788336	60	9.090909090909092	6113634.0
Tcells-Day7_CD4_Naive_CD19_rep2-GSM5171841-GSE168880_R2						7.939896197775951	51.0	76.0	76	18.181818181818183	6191053.0
Tcells-Day7_CD4_Naive_CD19_rep2-GSM5171841-GSE168880_R2_val_2						5.3829133860662495	51.0	54.41681755891831	60	9.090909090909092	6113634.0
Tcells-Day7_CD4_Naive_HA_rep1-GSM5171842-GSE168880			15861249	15646297	98.64						
Tcells-Day7_CD4_Naive_HA_rep1-GSM5171842-GSE168880.FDR50_free_macs2	81.0	84173									
Tcells-Day7_CD4_Naive_HA_rep1-GSM5171842-GSE168880.chrM			768051	766001	99.73						
Tcells-Day7_CD4_Naive_HA_rep1-GSM5171842-GSE168880.free_macs2	81.0	60653									
Tcells-Day7_CD4_Naive_HA_rep1-GSM5171842-GSE168880.noXYM			13799708	13735782	99.54						
Tcells-Day7_CD4_Naive_HA_rep1-GSM5171842-GSE168880_R1						13.504173829650654	52.0	76.0	76	18.181818181818183	8037705.0
Tcells-Day7_CD4_Naive_HA_rep1-GSM5171842-GSE168880_R1_val_1						9.689694965519706	51.0	53.89951433084673	60	9.090909090909092	7929678.0
Tcells-Day7_CD4_Naive_HA_rep1-GSM5171842-GSE168880_R2						12.835359993896333	51.0	76.0	76	18.181818181818183	8037705.0
Tcells-Day7_CD4_Naive_HA_rep1-GSM5171842-GSE168880_R2_val_2						9.091610877635631	51.0	53.88482357038962	60	9.090909090909092	7929678.0
Tcells-Day7_CD4_Naive_HA_rep2-GSM5171843-GSE168880			12467336	12307685	98.72						
Tcells-Day7_CD4_Naive_HA_rep2-GSM5171843-GSE168880.FDR50_free_macs2	81.0	70945									
Tcells-Day7_CD4_Naive_HA_rep2-GSM5171843-GSE168880.chrM			545377	543877	99.72						
Tcells-Day7_CD4_Naive_HA_rep2-GSM5171843-GSE168880.free_macs2	81.0	52121									
Tcells-Day7_CD4_Naive_HA_rep2-GSM5171843-GSE168880.noXYM			10913008	10860034	99.51						
Tcells-Day7_CD4_Naive_HA_rep2-GSM5171843-GSE168880_R1						12.124168583684309	52.0	76.0	76	18.181818181818183	6313978.0
Tcells-Day7_CD4_Naive_HA_rep2-GSM5171843-GSE168880_R1_val_1						8.658900800760577	51.0	54.206776692620906	60	9.090909090909092	6232893.0
Tcells-Day7_CD4_Naive_HA_rep2-GSM5171843-GSE168880_R2						11.546020270221419	51.0	76.0	76	18.181818181818183	6313978.0
Tcells-Day7_CD4_Naive_HA_rep2-GSM5171843-GSE168880_R2_val_2						8.186097969914982	51.0	54.18921325939656	60	9.090909090909092	6232893.0
Tcells-Day7_CD8_CentralMemory_CD19_rep1-GSM5171844-GSE168880			10248768	10130158	98.84						
Tcells-Day7_CD8_CentralMemory_CD19_rep1-GSM5171844-GSE168880.FDR50_free_macs2	81.0	42867									
Tcells-Day7_CD8_CentralMemory_CD19_rep1-GSM5171844-GSE168880.chrM			286056	285194	99.7						
Tcells-Day7_CD8_CentralMemory_CD19_rep1-GSM5171844-GSE168880.free_macs2	81.0	22072									
Tcells-Day7_CD8_CentralMemory_CD19_rep1-GSM5171844-GSE168880.noXYM			9265253	9226686	99.58						
Tcells-Day7_CD8_CentralMemory_CD19_rep1-GSM5171844-GSE168880_R1						6.437210404770326	50.0	76.0	76	18.181818181818183	5180063.0
Tcells-Day7_CD8_CentralMemory_CD19_rep1-GSM5171844-GSE168880_R1_val_1						4.498884170901576	49.0	54.73977340305087	60	9.090909090909092	5123723.0
Tcells-Day7_CD8_CentralMemory_CD19_rep1-GSM5171844-GSE168880_R2						6.071752056229798	49.0	76.0	76	18.181818181818183	5180063.0
Tcells-Day7_CD8_CentralMemory_CD19_rep1-GSM5171844-GSE168880_R2_val_2						4.207865024916785	48.0	54.71829800322929	60	9.090909090909092	5123723.0
Tcells-Day7_CD8_CentralMemory_CD19_rep2-GSM5171845-GSE168880			10906657	10778820	98.83						
Tcells-Day7_CD8_CentralMemory_CD19_rep2-GSM5171845-GSE168880.FDR50_free_macs2	81.0	47825									
Tcells-Day7_CD8_CentralMemory_CD19_rep2-GSM5171845-GSE168880.chrM			313157	312266	99.72						
Tcells-Day7_CD8_CentralMemory_CD19_rep2-GSM5171845-GSE168880.free_macs2	81.0	24423									
Tcells-Day7_CD8_CentralMemory_CD19_rep2-GSM5171845-GSE168880.noXYM			9850598	9808302	99.57						
Tcells-Day7_CD8_CentralMemory_CD19_rep2-GSM5171845-GSE168880_R1						6.6288081136390815	50.0	76.0	76	18.181818181818183	5514440.0
Tcells-Day7_CD8_CentralMemory_CD19_rep2-GSM5171845-GSE168880_R1_val_1						4.553667977801936	49.0	54.65412743572067	60	9.090909090909092	5452647.0
Tcells-Day7_CD8_CentralMemory_CD19_rep2-GSM5171845-GSE168880_R2						6.257778714110557	50.0	76.0	76	18.181818181818183	5514440.0
Tcells-Day7_CD8_CentralMemory_CD19_rep2-GSM5171845-GSE168880_R2_val_2						4.309209262913342	49.0	54.6330028333028	60	9.090909090909092	5452647.0
Tcells-Day7_CD8_CentralMemory_HA_rep1-GSM5171846-GSE168880			12491144	12340070	98.79						
Tcells-Day7_CD8_CentralMemory_HA_rep1-GSM5171846-GSE168880.FDR50_free_macs2	81.0	74403									
Tcells-Day7_CD8_CentralMemory_HA_rep1-GSM5171846-GSE168880.chrM			763597	761580	99.74						
Tcells-Day7_CD8_CentralMemory_HA_rep1-GSM5171846-GSE168880.free_macs2	81.0	57768									
Tcells-Day7_CD8_CentralMemory_HA_rep1-GSM5171846-GSE168880.noXYM			10778232	10725874	99.51						
Tcells-Day7_CD8_CentralMemory_HA_rep1-GSM5171846-GSE168880_R1						14.79386624052205	51.0	76.0	76	18.181818181818183	6320907.0
Tcells-Day7_CD8_CentralMemory_HA_rep1-GSM5171846-GSE168880_R1_val_1						10.677955640290122	50.0	54.5020094971117	60	9.090909090909092	6244846.0
Tcells-Day7_CD8_CentralMemory_HA_rep1-GSM5171846-GSE168880_R2						14.01285572649148	51.0	76.0	76	18.181818181818183	6320907.0
Tcells-Day7_CD8_CentralMemory_HA_rep1-GSM5171846-GSE168880_R2_val_2						10.071210431694126	50.0	54.48154510135238	60	9.090909090909092	6244846.0
Tcells-Day7_CD8_CentralMemory_HA_rep2-GSM5171847-GSE168880			13957401	13787342	98.78						
Tcells-Day7_CD8_CentralMemory_HA_rep2-GSM5171847-GSE168880.FDR50_free_macs2	81.0	79254									
Tcells-Day7_CD8_CentralMemory_HA_rep2-GSM5171847-GSE168880.chrM			902845	900460	99.74						
Tcells-Day7_CD8_CentralMemory_HA_rep2-GSM5171847-GSE168880.free_macs2	81.0	62650									
Tcells-Day7_CD8_CentralMemory_HA_rep2-GSM5171847-GSE168880.noXYM			11989042	11930597	99.51						
Tcells-Day7_CD8_CentralMemory_HA_rep2-GSM5171847-GSE168880_R1						15.706505287749223	51.0	76.0	76	18.181818181818183	7059254.0
Tcells-Day7_CD8_CentralMemory_HA_rep2-GSM5171847-GSE168880_R1_val_1						11.490719681825595	51.0	54.65240377470596	60	9.090909090909092	6977921.0
Tcells-Day7_CD8_CentralMemory_HA_rep2-GSM5171847-GSE168880_R2						14.778056946267554	51.0	76.0	76	18.181818181818183	7059254.0
Tcells-Day7_CD8_CentralMemory_HA_rep2-GSM5171847-GSE168880_R2_val_2						10.720657765314243	51.0	54.63198680523898	60	9.090909090909092	6977921.0
Tcells-Day7_CD8_Naive_CD19_rep1-GSM5171848-GSE168880			14036443	13872957	98.84						
Tcells-Day7_CD8_Naive_CD19_rep1-GSM5171848-GSE168880.FDR50_free_macs2	81.0	67883									
Tcells-Day7_CD8_Naive_CD19_rep1-GSM5171848-GSE168880.chrM			276716	275957	99.73						
Tcells-Day7_CD8_Naive_CD19_rep1-GSM5171848-GSE168880.free_macs2	81.0	28012									
Tcells-Day7_CD8_Naive_CD19_rep1-GSM5171848-GSE168880.noXYM			12750488	12695022	99.56						
Tcells-Day7_CD8_Naive_CD19_rep1-GSM5171848-GSE168880_R1						7.479405755211616	51.0	76.0	76	18.181818181818183	7099471.0
Tcells-Day7_CD8_Naive_CD19_rep1-GSM5171848-GSE168880_R1_val_1						5.138584801878935	50.0	54.46926084200614	60	9.090909090909092	7017336.0
Tcells-Day7_CD8_Naive_CD19_rep1-GSM5171848-GSE168880_R2						7.106279637284814	51.0	76.0	76	18.181818181818183	7099471.0
Tcells-Day7_CD8_Naive_CD19_rep1-GSM5171848-GSE168880_R2_val_2						4.873651463135957	50.0	54.44958913183009	60	9.090909090909092	7017336.0
Tcells-Day7_CD8_Naive_CD19_rep2-GSM5171849-GSE168880			13315551	13151275	98.77						
Tcells-Day7_CD8_Naive_CD19_rep2-GSM5171849-GSE168880.FDR50_free_macs2	81.0	64834									
Tcells-Day7_CD8_Naive_CD19_rep2-GSM5171849-GSE168880.chrM			248968	248223	99.7						
Tcells-Day7_CD8_Naive_CD19_rep2-GSM5171849-GSE168880.free_macs2	81.0	27215									
Tcells-Day7_CD8_Naive_CD19_rep2-GSM5171849-GSE168880.noXYM			12101086	12045184	99.54						
Tcells-Day7_CD8_Naive_CD19_rep2-GSM5171849-GSE168880_R1						7.3698503556699535	51.0	76.0	76	18.181818181818183	6736271.0
Tcells-Day7_CD8_Naive_CD19_rep2-GSM5171849-GSE168880_R1_val_1						4.974564711641875	50.0	54.51522862312974	60	9.090909090909092	6656938.0
Tcells-Day7_CD8_Naive_CD19_rep2-GSM5171849-GSE168880_R2						6.981097899367896	51.0	76.0	76	18.181818181818183	6736271.0
Tcells-Day7_CD8_Naive_CD19_rep2-GSM5171849-GSE168880_R2_val_2						4.652710542721323	50.0	54.49357827878222	60	9.090909090909092	6656938.0
Tcells-Day7_CD8_Naive_HA_rep1-GSM5171850-GSE168880			13114237	12945968	98.72						
Tcells-Day7_CD8_Naive_HA_rep1-GSM5171850-GSE168880.FDR50_free_macs2	81.0	75492									
Tcells-Day7_CD8_Naive_HA_rep1-GSM5171850-GSE168880.chrM			728628	726770	99.74						
Tcells-Day7_CD8_Naive_HA_rep1-GSM5171850-GSE168880.free_macs2	81.0	51195									
Tcells-Day7_CD8_Naive_HA_rep1-GSM5171850-GSE168880.noXYM			11340765	11289193	99.55						
Tcells-Day7_CD8_Naive_HA_rep1-GSM5171850-GSE168880_R1						12.236717112130975	51.0	76.0	76	18.181818181818183	6647146.0
Tcells-Day7_CD8_Naive_HA_rep1-GSM5171850-GSE168880_R1_val_1						8.849376986728714	50.0	53.83699968107221	60	9.090909090909092	6556343.0
Tcells-Day7_CD8_Naive_HA_rep1-GSM5171850-GSE168880_R2						11.748981518267883	51.0	76.0	76	18.181818181818183	6647146.0
Tcells-Day7_CD8_Naive_HA_rep1-GSM5171850-GSE168880_R2_val_2						8.489907946392279	50.0	53.82476664201369	60	9.090909090909092	6556343.0
Tcells-Day7_CD8_Naive_HA_rep2-GSM5171851-GSE168880			10910162	10772093	98.73						
Tcells-Day7_CD8_Naive_HA_rep2-GSM5171851-GSE168880.FDR50_free_macs2	81.0	62787									
Tcells-Day7_CD8_Naive_HA_rep2-GSM5171851-GSE168880.chrM			580132	578671	99.75						
Tcells-Day7_CD8_Naive_HA_rep2-GSM5171851-GSE168880.free_macs2	81.0	40809									
Tcells-Day7_CD8_Naive_HA_rep2-GSM5171851-GSE168880.noXYM			9476077	9434213	99.56						
Tcells-Day7_CD8_Naive_HA_rep2-GSM5171851-GSE168880_R1						10.979366324681237	51.0	76.0	76	18.181818181818183	5527994.0
Tcells-Day7_CD8_Naive_HA_rep2-GSM5171851-GSE168880_R1_val_1						7.8560371653396	50.0	53.95405387963672	60	9.090909090909092	5454454.0
Tcells-Day7_CD8_Naive_HA_rep2-GSM5171851-GSE168880_R2						10.303819867095044	50.0	76.0	76	18.181818181818183	5527994.0
Tcells-Day7_CD8_Naive_HA_rep2-GSM5171851-GSE168880_R2_val_2						7.41531950544055	50.0	53.94068535549113	60	9.090909090909092	5454454.0
